0.0,0.0,0.0,0.0,0.0,0.0,0.0,0.0,0.0,0.0,0.0,0.0,-6.619044780731201,3.630221366882324,39.22350311279297,0.0,0.0,0.0,0.0,0.0,0.0,0.0,0.0,0.0,0.0,0.0,0.0
-0.0029137246310710907,0.0346105694770813,-0.0821983814239502,0.008768463507294655,0.015195667743682861,-0.08252286911010742,-0.008203268051147461,0.030682384967803955,-0.08001899719238281,0.010516941547393799,0.03175485134124756,-0.06386220455169678,-0.49647828936576843,0.3916781544685364,-3.63209867477417,-0.07403972744941711,0.18835899233818054,-0.5210233330726624,0.06413032859563828,-0.11925631761550903,-0.534432053565979,-0.08197590708732605,0.18895673751831055,-0.5277850031852722,0.11999603360891342,0.20527200400829315,-0.3753625154495239
0.0010303407907485962,0.06036245822906494,-0.18091857433319092,0.03233357146382332,-0.036873698234558105,-0.16964221000671387,-0.03614944964647293,0.02922767400741577,-0.17590677738189697,0.03902371972799301,0.06046706438064575,-0.1573624610900879,0.7793691158294678,0.015122294425964355,-0.20706288516521454,0.024868011474609375,0.20217840373516083,-0.7267897129058838,0.16891694068908691,-0.3307115435600281,-0.6505976319313049,-0.19112645089626312,0.014720935374498367,-0.7071434855461121,0.19593659043312073,0.21536588668823242,-0.6752952337265015
0.005674827843904495,0.08658856153488159,-0.27878785133361816,0.05204667150974274,-0.07671058177947998,-0.25727081298828125,-0.06294798851013184,0.012498676776885986,-0.26868557929992676,0.05676732212305069,0.09557074308395386,-0.2533719539642334,0.6908190250396729,0.04166138917207718,0.07785433530807495,0.033949777483940125,0.2316516488790512,-0.8204224109649658,0.16140058636665344,-0.2947438359260559,-0.7413029074668884,-0.20889559388160706,-0.08216643333435059,-0.7820945382118225,0.153973788022995,0.290279746055603,-0.7842113375663757
0.010100461542606354,0.11274087429046631,-0.36019575595855713,0.06781334429979324,-0.10283416509628296,-0.33167970180511475,-0.08093909174203873,-0.0018849968910217285,-0.34569668769836426,0.06721438467502594,0.13052159547805786,-0.3330264091491699,0.40471869707107544,0.028876902535557747,0.29914700984954834,0.035046160221099854,0.25808990001678467,-0.8103562593460083,0.1533697247505188,-0.24448814988136292,-0.7429564595222473,-0.1789642572402954,-0.07958999276161194,-0.7712816596031189,0.12476887553930283,0.3246965706348419,-0.7731837034225464
0.010492648929357529,0.13592422008514404,-0.4183964729309082,0.08102183043956757,-0.11766839027404785,-0.3841378688812256,-0.0912659764289856,-0.009305477142333984,-0.400675892829895,0.07192721962928772,0.16142088174819946,-0.39014744758605957,0.1447918862104416,0.008119534701108932,0.3232327699661255,0.011666402220726013,0.2648705840110779,-0.7399820685386658,0.15270301699638367,-0.19687575101852417,-0.67387455701828,-0.14781737327575684,-0.04759162291884422,-0.7042186856269836,0.09817901998758316,0.33315128087997437,-0.7056256532669067
0.004657438024878502,0.1543174386024475,-0.4526991844177246,0.09347214549779892,-0.1225137710571289,-0.41295742988586426,-0.09704707562923431,-0.009982407093048096,-0.4329826831817627,0.07231305539608002,0.18533563613891602,-0.4245084524154663,-0.022670723497867584,-0.004720451310276985,0.19665001332759857,-0.029291078448295593,0.25667303800582886,-0.642022967338562,0.16154536604881287,-0.1466621607542038,-0.5718292593955994,-0.12916246056556702,-0.011120330542325974,-0.6111509203910828,0.07487472146749496,0.3181717097759247,-0.6141548156738281
-0.0072112977504730225,0.16791003942489624,-0.46625006198883057,0.10576879233121872,-0.119087815284729,-0.42178547382354736,-0.1013902798295021,-0.005346477031707764,-0.44638872146606445,0.07002253085374832,0.2001194953918457,-0.43897008895874023,-0.10452347993850708,-0.010718531906604767,0.010754736140370369,-0.07450705766677856,0.24364636838436127,-0.5408015847206116,0.17330238223075867,-0.0979413241147995,-0.47011154890060425,-0.12598049640655518,0.022405918687582016,-0.5201488137245178,0.05790439993143082,0.2821223735809326,-0.5186555981636047
-0.014861205592751503,0.18747544288635254,-0.49234092235565186,0.11482644826173782,-0.10799288749694824,-0.45016753673553467,-0.10619927942752838,0.0026900172233581543,-0.44733965396881104,0.06703198701143265,0.2058069109916687,-0.4393411874771118,-11.903726577758789,-1.649928331375122,21.59955406188965,-0.11459555476903915,0.23619641363620758,-0.458610475063324,0.17885947227478027,-0.06498980522155762,-0.4006665349006653,-0.13351382315158844,0.04803178086876869,-0.45252034068107605,0.05108752101659775,0.23685379326343536,-0.4412941038608551
-0.028654348105192184,0.21825051307678223,-0.529446005821228,0.1019352450966835,-0.0804595947265625,-0.48856914043426514,-0.09472569823265076,0.034412264823913574,-0.4619382619857788,0.0680767074227333,0.21424996852874756,-0.4432741403579712,-8.565352439880371,-0.98526930809021,20.07097053527832,-0.15908488631248474,0.3570418357849121,-0.578332245349884,0.024879328906536102,0.07092711329460144,-0.5282604098320007,-0.03286820650100708,0.2100234180688858,-0.5432830452919006,0.07641955465078354,0.25904494524002075,-0.46503177285194397
-0.034613560885190964,0.23733550310134888,-0.5535134077072144,0.0940001830458641,-0.05957984924316406,-0.5059647560119629,-0.08905526995658875,0.0662652850151062,-0.5131601095199585,0.07539013028144836,0.24337315559387207,-0.4895305633544922,2.3010382652282715,2.2956228256225586,29.02201271057129,-0.18426617980003357,0.34210044145584106,-0.6006855368614197,0.02619577944278717,0.08244797587394714,-0.5118561387062073,-0.0406881719827652,0.27863985300064087,-0.5179745554924011,0.1312045454978943,0.21649743616580963,-0.5575463771820068
-0.04727133363485336,0.2576993703842163,-0.5781383514404297,0.08597280830144882,-0.03720247745513916,-0.524442195892334,-0.08460372686386108,0.08460646867752075,-0.5483342409133911,0.0804906040430069,0.26734232902526855,-0.5292980670928955,1.610748291015625,-0.7371128797531128,20.789499282836914,-0.15762872993946075,0.39635002613067627,-0.6312918066978455,0.025616087019443512,0.09451164305210114,-0.6226423382759094,-0.06429000198841095,0.2593196630477905,-0.5911896824836731,0.11956209689378738,0.19989730417728424,-0.6174243688583374
-0.06090414151549339,0.27721238136291504,-0.5993050336837769,0.08064530789852142,-0.010401010513305664,-0.5451231002807617,-0.08149653673171997,0.09950035810470581,-0.5702580213546753,0.0820770189166069,0.26537466049194336,-0.5550681352615356,1.3524806499481201,-0.45227620005607605,15.468844413757324,-0.16396793723106384,0.4065325856208801,-0.646110475063324,0.04482503980398178,0.15645548701286316,-0.623388409614563,-0.07039578258991241,0.22338396310806274,-0.599668562412262,0.10021161288022995,0.20773392915725708,-0.6415863633155823
-0.0700567215681076,0.29656267166137695,-0.6144311428070068,0.0780949592590332,0.01658010482788086,-0.5634897947311401,-0.08166122436523438,0.10926145315170288,-0.5876660346984863,0.08259868621826172,0.25856077671051025,-0.5753591060638428,1.7136108875274658,-0.5716812014579773,12.565807342529297,-0.13690930604934692,0.4222491383552551,-0.6370627880096436,0.06211759150028229,0.18127459287643433,-0.6321569085121155,-0.08959570527076721,0.19289419054985046,-0.6133391261100769,0.09354612976312637,0.20019030570983887,-0.6439884901046753
-0.07548866420984268,0.3153334856033325,-0.6259267330169678,0.07692862302064896,0.04319620132446289,-0.5792295932769775,-0.08344677090644836,0.11318284273147583,-0.6027734279632568,0.08221694827079773,0.25118064880371094,-0.5917471647262573,1.4294559955596924,-0.7053688764572144,11.93851375579834,-0.11993016302585602,0.43701720237731934,-0.6294509768486023,0.06719756871461868,0.20389550924301147,-0.6374207735061646,-0.09619539976119995,0.1596931517124176,-0.6217012405395508,0.0868171975016594,0.1922220140695572,-0.6397861242294312
-0.0789206475019455,0.33297038078308105,-0.6357495784759521,0.07517843693494797,0.06913268566131592,-0.5932601690292358,-0.08501462638378143,0.11524158716201782,-0.6148245334625244,0.08169132471084595,0.2437555193901062,-0.6042448282241821,0.7980919480323792,-0.8730323314666748,11.714849472045898,-0.11097024381160736,0.44833701848983765,-0.6300812363624573,0.06266956776380539,0.22652889788150787,-0.6398014426231384,-0.0936228409409523,0.13801658153533936,-0.6169618964195251,0.0843806192278862,0.18742148578166962,-0.6342256665229797
-0.08098824322223663,0.3497028350830078,-0.6440479755401611,0.0722399652004242,0.09393966197967529,-0.6056084632873535,-0.08610425889492035,0.11531460285186768,-0.6238059997558594,0.08145663142204285,0.2368384599685669,-0.6137042045593262,0.5275999307632446,-0.7282804846763611,11.440829277038574,-0.1027844250202179,0.4589384198188782,-0.6329389810562134,0.05436010658740997,0.24642528593540192,-0.6373421549797058,-0.09303036332130432,0.12229913473129272,-0.6131163835525513,0.08539248257875443,0.18525731563568115,-0.6296003460884094
-0.08196021616458893,0.3661479949951172,-0.6507480144500732,0.06886419653892517,0.11692696809768677,-0.6162368059158325,-0.08669383823871613,0.11399811506271362,-0.6304793357849121,0.08148320764303207,0.2303118109703064,-0.6210768222808838,0.2791241407394409,-0.600904643535614,11.097000122070312,-0.09586945176124573,0.4729391932487488,-0.6325048804283142,0.049611903727054596,0.2596780061721802,-0.6356566548347473,-0.09176280349493027,0.10963848233222961,-0.6126308441162109,0.08630628138780594,0.1822156310081482,-0.6275635957717896
-0.08219081163406372,0.38184165954589844,-0.656073808670044,0.06560085713863373,0.13780784606933594,-0.6254045963287354,-0.08684971183538437,0.11171633005142212,-0.63553786277771,0.08153694868087769,0.22452932596206665,-0.6270618438720703,0.0977213978767395,-0.5024244785308838,10.781171798706055,-0.09087003022432327,0.4834865927696228,-0.6322144865989685,0.0479249507188797,0.2690655291080475,-0.6348418593406677,-0.0884748175740242,0.09902854263782501,-0.613164484500885,0.08499670773744583,0.18152466416358948,-0.6274415850639343
-0.08189623057842255,0.3963909149169922,-0.6603012084960938,0.06266704201698303,0.15670406818389893,-0.6334187984466553,-0.08665119111537933,0.10883826017379761,-0.6395611763000488,0.08142907917499542,0.21968072652816772,-0.6322333812713623,-0.01990923285484314,-0.3964371383190155,10.516303062438965,-0.0866774171590805,0.49072957038879395,-0.6324493885040283,0.04778764396905899,0.2771088778972626,-0.6349937319755554,-0.08364195376634598,0.09057590365409851,-0.6151261925697327,0.08125670999288559,0.182640939950943,-0.6285593509674072
-0.08121518045663834,0.409704327583313,-0.6636655330657959,0.060160037130117416,0.17379027605056763,-0.6404852867126465,-0.08616696298122406,0.10576927661895752,-0.6431272029876709,0.08102044463157654,0.2156500220298767,-0.6370596885681152,-0.030451003462076187,-0.31991490721702576,10.312800407409668,-0.08298257738351822,0.49625951051712036,-0.6332710385322571,0.048466749489307404,0.2840536832809448,-0.6362680196762085,-0.07743924856185913,0.08498147130012512,-0.6180924773216248,0.07561235874891281,0.18448610603809357,-0.630553126335144
-0.0802813172340393,0.4218188524246216,-0.6663637161254883,0.0580967478454113,0.1893797516822815,-0.6467604637145996,-0.08511393517255783,0.10256284475326538,-0.6465897560119629,0.08001869916915894,0.21222978830337524,-0.6418862342834473,0.03755134344100952,-0.24310795962810516,10.188309669494629,-0.07978297770023346,0.5007417798042297,-0.6349130272865295,0.04956524819135666,0.2910267114639282,-0.6383838653564453,-0.07040305435657501,0.08096189796924591,-0.6218604445457458,0.06856881827116013,0.18625132739543915,-0.6334441900253296
-0.07912486791610718,0.4327883720397949,-0.6688451766967773,0.05646085366606712,0.2037264108657837,-0.6523916721343994,-0.0832345262169838,0.09928315877914429,-0.6501193046569824,0.07820552587509155,0.20928001403808594,-0.6468322277069092,0.15655916929244995,-0.1753690540790558,10.091167449951172,-0.0766780823469162,0.5050219893455505,-0.6372025012969971,0.05075287073850632,0.2980036735534668,-0.6413807272911072,-0.06289055943489075,0.07790637016296387,-0.6260014176368713,0.06080252677202225,0.18733981251716614,-0.6370638608932495
-0.07772476971149445,0.44287312030792236,-0.6711087226867676,0.055192992091178894,0.21698284149169922,-0.6576180458068848,-0.08058187365531921,0.09599167108535767,-0.6537590026855469,0.07562420517206192,0.20674961805343628,-0.6519966125488281,0.24156087636947632,-0.0930570513010025,10.09244155883789,-0.07347337901592255,0.5097349286079407,-0.6394746899604797,0.051672063767910004,0.3048890233039856,-0.6452178359031677,-0.05547332763671875,0.07503394782543182,-0.6305045485496521,0.053014226257801056,0.1878361701965332,-0.6407843828201294
-0.07609368115663528,0.45219218730926514,-0.6733770370483398,0.05417216569185257,0.22912615537643433,-0.6627318859100342,-0.07731758803129196,0.09282010793685913,-0.6574773788452148,0.07246849685907364,0.20455992221832275,-0.6571874618530273,0.3292044401168823,-0.036077339202165604,10.095818519592285,-0.07026378065347672,0.5144830346107483,-0.6421812772750854,0.05184923857450485,0.3108261823654175,-0.6496561765670776,-0.04843178391456604,0.07305310666561127,-0.6347847580909729,0.0460803285241127,0.18784675002098083,-0.6446850895881653
-0.07424434274435043,0.46082818508148193,-0.6757266521453857,0.05324617773294449,0.24038231372833252,-0.6676428318023682,-0.07361041009426117,0.08981025218963623,-0.6613235473632812,0.06886087357997894,0.20257079601287842,-0.662311315536499,0.3677302896976471,-0.04123171046376228,10.085083961486816,-0.06680827587842941,0.5190580487251282,-0.6452136039733887,0.05117594450712204,0.3167997896671295,-0.653950035572052,-0.042296670377254486,0.07120044529438019,-0.63899827003479,0.03993552178144455,0.1874551773071289,-0.6487714052200317
-0.07217587530612946,0.46881401538848877,-0.6781861782073975,0.05221692472696304,0.2509506940841675,-0.6724095344543457,-0.06963668763637543,0.08684390783309937,-0.665177583694458,0.06498720496892929,0.20083314180374146,-0.6674067974090576,0.37573859095573425,0.0022228993475437164,10.109971046447754,-0.06278029084205627,0.5230752825737,-0.6486647129058838,0.04930422455072403,0.3234027624130249,-0.6575769186019897,-0.03728479892015457,0.06872762739658356,-0.643248975276947,0.034532152116298676,0.18743127584457397,-0.6525917649269104
-0.0699177086353302,0.4763451814651489,-0.680762767791748,0.05104319751262665,0.2607729434967041,-0.6770477294921875,-0.06553533673286438,0.0840100646018982,-0.6690566539764404,0.06101134791970253,0.19928795099258423,-0.6724462509155273,0.3756713569164276,0.03819960355758667,10.137499809265137,-0.058830976486206055,0.527812123298645,-0.651924192905426,0.04681834578514099,0.3288516700267792,-0.6612606644630432,-0.032797593623399734,0.06688767671585083,-0.6474102139472961,0.030046828091144562,0.1870955228805542,-0.6563653945922852
-0.06754502654075623,0.4834684133529663,-0.683469295501709,0.04972168803215027,0.26988887786865234,-0.6815779209136963,-0.0613863505423069,0.08131849765777588,-0.6729345321655273,0.05701836943626404,0.1979026198387146,-0.6774094104766846,0.36592721939086914,0.07012119889259338,10.161510467529297,-0.055231139063835144,0.5324048399925232,-0.6552413702011108,0.0440831258893013,0.3337996304035187,-0.6649361252784729,-0.028727248311042786,0.06524960696697235,-0.6515459418296814,0.026101969182491302,0.1866428703069687,-0.6601709723472595
-0.0651046559214592,0.49019408226013184,-0.6863093376159668,0.048256561160087585,0.2783859968185425,-0.6860041618347168,-0.057239629328250885,0.0787811279296875,-0.6768019199371338,0.053040239959955215,0.19664454460144043,-0.6822738647460938,0.34780943393707275,0.09491022676229477,10.178585052490234,-0.05177856981754303,0.5366531014442444,-0.658607542514801,0.041165970265865326,0.3385715186595917,-0.6685611009597778,-0.02491062879562378,0.063835009932518,-0.6556436419487,0.022375263273715973,0.18607740104198456,-0.6639209985733032
-0.06262136995792389,0.4965435266494751,-0.689279317855835,0.04665389657020569,0.28636157512664795,-0.6903202533721924,-0.05312131345272064,0.0764039158821106,-0.6806619167327881,0.04908348619937897,0.19549578428268433,-0.6870214939117432,0.3210436999797821,0.10436989367008209,10.194883346557617,-0.04835417866706848,0.5406152606010437,-0.6620038151741028,0.03808768093585968,0.3433031141757965,-0.6721100807189941,-0.021273359656333923,0.06259316205978394,-0.6597327589988708,0.018741808831691742,0.18549896776676178,-0.6675580739974976
-0.060111019760370255,0.5025331974029541,-0.692378044128418,0.044902436435222626,0.29392290115356445,-0.6945123672485352,-0.049055445939302444,0.07416760921478271,-0.6845109462738037,0.04515732452273369,0.1944446563720703,-0.6916465759277344,0.29312029480934143,0.1024288684129715,10.205373764038086,-0.044868454337120056,0.5442511439323425,-0.6654875874519348,0.03480672091245651,0.34816211462020874,-0.6755121350288391,-0.017822526395320892,0.06134358420968056,-0.6638472676277161,0.015177913010120392,0.1850593090057373,-0.6710702180862427
-0.057587914168834686,0.5082069635391235,-0.6955859661102295,0.04298499971628189,0.3011661767959595,-0.6985790729522705,-0.04506295546889305,0.07203090190887451,-0.6883337497711182,0.04128992557525635,0.19350779056549072,-0.6961603164672852,0.2520924508571625,0.10222595930099487,10.219234466552734,-0.04132185876369476,0.5477402210235596,-0.6689890623092651,0.031368695199489594,0.3532222509384155,-0.6787950396537781,-0.014515556395053864,0.05995011702179909,-0.6680147051811218,0.011652357876300812,0.18474209308624268,-0.6744403839111328
-0.05505231022834778,0.5136095285415649,-0.6989004611968994,0.04090706259012222,0.3081221580505371,-0.7025187015533447,-0.04115616902709007,0.07000869512557983,-0.6921300888061523,0.0374731719493866,0.19267630577087402,-0.7005288600921631,0.21373707056045532,0.07840994745492935,10.240436553955078,-0.037776485085487366,0.5511742234230042,-0.672512412071228,0.027813762426376343,0.35811296105384827,-0.6820715665817261,-0.011259838938713074,0.05867918208241463,-0.6721360087394714,0.008181795477867126,0.18456047773361206,-0.6777058243751526
-0.052514251321554184,0.5187509059906006,-0.7023110389709473,0.0386325940489769,0.3148685693740845,-0.7063732147216797,-0.03738987818360329,0.06807410717010498,-0.6958744525909424,0.033767834305763245,0.19198203086853027,-0.7048165798187256,0.17143267393112183,0.051143188029527664,10.31171989440918,-0.034117892384529114,0.5542904734611511,-0.676174521446228,0.02409905195236206,0.3633292615413666,-0.6852084994316101,-0.008179858326911926,0.057105619460344315,-0.6762540936470032,0.004734858870506287,0.1846519261598587,-0.6808875799179077
-0.04994392395019531,0.5236625671386719,-0.7057838439941406,0.03615035116672516,0.3214435577392578,-0.7101314067840576,-0.03371026739478111,0.06618303060531616,-0.6995787620544434,0.030110053718090057,0.19136196374893188,-0.7089188098907471,0.14753364026546478,0.03525958210229874,10.290132522583008,-0.03030477464199066,0.5572173595428467,-0.6799161434173584,0.020159747451543808,0.3684791922569275,-0.6883354187011719,-0.005189135670661926,0.05554382875561714,-0.68037348985672,0.001391299068927765,0.18491101264953613,-0.6840275526046753
-0.047331057488918304,0.5284398794174194,-0.7092597484588623,0.033547669649124146,0.3278951644897461,-0.713737964630127,-0.030077911913394928,0.06432873010635376,-0.7032895088195801,0.02643815241754055,0.19080132246017456,-0.7128520011901855,0.1152958944439888,0.006670139729976654,10.2246732711792,-0.026554390788078308,0.5606014728546143,-0.6835805177688599,0.016650211066007614,0.373757004737854,-0.6914312839508057,-0.002095326781272888,0.05392508581280708,-0.6843059659004211,-0.0022731050848960876,0.1851414293050766,-0.6871705055236816
-0.0446755513548851,0.533145546913147,-0.7127189636230469,0.030887749046087265,0.3342592716217041,-0.7172315120697021,-0.026492616161704063,0.06245237588882446,-0.7069785594940186,0.022724179551005363,0.1903427243232727,-0.7167012691497803,0.08876065909862518,-0.004617709666490555,10.200326919555664,-0.02262835204601288,0.5640624165534973,-0.6873162984848022,0.013359788805246353,0.379249632358551,-0.6944440603256226,0.0010126903653144836,0.05198129639029503,-0.6881280541419983,-0.006263032555580139,0.1858171820640564,-0.6902409791946411
-0.04198623448610306,0.537839412689209,-0.7161674499511719,0.02819128893315792,0.3404625654220581,-0.720674991607666,-0.022947533056139946,0.06055152416229248,-0.7106449604034424,0.018981285393238068,0.18999403715133667,-0.7205216884613037,0.057915810495615005,-0.026236537843942642,10.201796531677246,-0.018774375319480896,0.5677814483642578,-0.6909347772598267,0.010143313556909561,0.3842179775238037,-0.6976348757743835,0.004189059138298035,0.05006277188658714,-0.6918995976448059,-0.01023421436548233,0.18667156994342804,-0.6933777928352356
-0.0392964631319046,0.5425059795379639,-0.7196424007415771,0.02539178729057312,0.3465369939804077,-0.7240266799926758,-0.019445138052105904,0.058645546436309814,-0.714324951171875,0.015232246369123459,0.18971925973892212,-0.7243013381958008,0.028510278090834618,-0.06908734142780304,10.209097862243652,-0.014890089631080627,0.5710787177085876,-0.6947052478790283,0.006814081221818924,0.3891429603099823,-0.7008712291717529,0.007364362478256226,0.04816872999072075,-0.6955810189247131,-0.014167487621307373,0.18773549795150757,-0.6965528130531311
-0.03659478574991226,0.5471646785736084,-0.7231173515319824,0.022448988631367683,0.3525850772857666,-0.7272534370422363,-0.01599842868745327,0.056702613830566406,-0.7180242538452148,0.011478543281555176,0.18947380781173706,-0.7280523777008057,-0.01358337514102459,-0.12860830128192902,10.22397232055664,-0.01065891981124878,0.573939859867096,-0.6986766457557678,0.0032815486192703247,0.39464837312698364,-0.7039559483528137,0.010407686233520508,0.0459824837744236,-0.6991716623306274,-0.018161430954933167,0.18899255990982056,-0.6996946930885315
-0.03378403186798096,0.5518370866775513,-0.7265264987945557,0.01931893639266491,0.35869336128234863,-0.7303433418273926,-0.012610580772161484,0.05467790365219116,-0.7217607498168945,0.007709110155701637,0.18922048807144165,-0.7317812442779541,-0.035174351185560226,-0.1808335781097412,10.233025550842285,-0.005907222628593445,0.5765960812568665,-0.7028067708015442,-0.0005551055073738098,0.4007304608821869,-0.7068904042243958,0.013296261429786682,0.04342994466423988,-0.702706515789032,-0.022190026938915253,0.19052255153656006,-0.7027583718299866
-0.030740223824977875,0.5565121173858643,-0.7298092842102051,0.016052894294261932,0.3648872375488281,-0.7333433628082275,-0.009268097579479218,0.052525222301483154,-0.7255449295043945,0.003878990188241005,0.18896043300628662,-0.7355132102966309,-0.03219948709011078,-0.20281074941158295,10.21118450164795,-0.0009992867708206177,0.5796424746513367,-0.7069736123085022,-0.004269994795322418,0.40714776515960693,-0.7098161578178406,0.016205281019210815,0.04047084227204323,-0.706124484539032,-0.026339814066886902,0.19197049736976624,-0.7059047818183899
-0.027454668655991554,0.5611836910247803,-0.7330236434936523,0.012776209972798824,0.3711038827896118,-0.7363238334655762,-0.005926346406340599,0.05025392770767212,-0.7293589115142822,-7.692910730838776e-05,0.18872332572937012,-0.7392346858978271,-0.015490259975194931,-0.21127614378929138,10.186741828918457,0.003603503108024597,0.5834473967552185,-0.7110739350318909,-0.007452838122844696,0.41331377625465393,-0.713016927242279,0.019448645412921906,0.03744092956185341,-0.709388792514801,-0.030800722539424896,0.193112313747406,-0.7092190384864807
-0.024003008380532265,0.5658434629440308,-0.7362768650054932,0.009554984048008919,0.3772779703140259,-0.7393324375152588,-0.0025384128093719482,0.047902822494506836,-0.7332139015197754,-0.0041983965784311295,0.188548743724823,-0.7429118156433105,-0.011328145861625671,-0.23943912982940674,10.181583404541016,0.007866635918617249,0.5874646306037903,-0.7151882648468018,-0.010290350764989853,0.4190765619277954,-0.7165775895118713,0.023065373301506042,0.034581515938043594,-0.7125309109687805,-0.035550929605960846,0.19411952793598175,-0.7126498818397522
-0.020390737801790237,0.570412278175354,-0.7396187782287598,0.006338680163025856,0.3834269046783447,-0.7423925399780273,0.0009238440543413162,0.04549252986907959,-0.7370800971984863,-0.008487068116664886,0.1884874701499939,-0.7465331554412842,-0.01953802816569805,-0.27916768193244934,10.187586784362793,0.012301892042160034,0.5908704400062561,-0.7195796370506287,-0.013380847871303558,0.4249531328678131,-0.7201614379882812,0.026785269379615784,0.03185167536139488,-0.7154801487922668,-0.04043552279472351,0.19536489248275757,-0.7161421775817871
-0.016578026115894318,0.5748113393783569,-0.7430627346038818,0.003063647076487541,0.3895684480667114,-0.7455108165740967,0.004432369023561478,0.04305112361907959,-0.7409520149230957,-0.012907672673463821,0.1885894536972046,-0.7500998973846436,-0.016980880871415138,-0.3150304853916168,10.202258110046387,0.017093166708946228,0.5940008759498596,-0.7240302562713623,-0.016876723617315292,0.4309808015823364,-0.7236037254333496,0.03037990629673004,0.029256153851747513,-0.7183606624603271,-0.04524736851453781,0.19685934484004974,-0.7197185754776001
-0.012582071125507355,0.579015851020813,-0.7465958595275879,-0.0002732127904891968,0.39566922187805176,-0.7487118244171143,0.007992979139089584,0.04058462381362915,-0.7447719573974609,-0.017413724213838577,0.18888580799102783,-0.7536396980285645,0.0018660873174667358,-0.3153299391269684,10.195609092712402,0.0218813419342041,0.597337543964386,-0.72836834192276,-0.020441478118300438,0.436825156211853,-0.7269814610481262,0.03394583612680435,0.026830684393644333,-0.7212198376655579,-0.049943454563617706,0.19837497174739838,-0.7234667539596558
-0.008525412529706955,0.5831063985824585,-0.7502245903015137,-0.003580331802368164,0.40159285068511963,-0.7520318031311035,0.011614099144935608,0.03819084167480469,-0.748572587966919,-0.021978963166475296,0.18936234712600708,-0.7571830749511719,0.022509321570396423,-0.3123043477535248,10.201742172241211,0.026003628969192505,0.6013388633728027,-0.7323779463768005,-0.02357758954167366,0.44167250394821167,-0.7306960821151733,0.037800855934619904,0.025064725428819656,-0.7241986989974976,-0.054647065699100494,0.19964034855365753,-0.727368950843811
-0.004582757130265236,0.5871095657348633,-0.7540853023529053,-0.006828155368566513,0.40727269649505615,-0.7554264068603516,0.015319623053073883,0.03596198558807373,-0.752361536026001,-0.02661033347249031,0.18999654054641724,-0.7607135772705078,0.0073407962918281555,-0.3418828248977661,10.23974609375,0.02961910516023636,0.6049249172210693,-0.7365060448646545,-0.026555316522717476,0.44579651951789856,-0.7346879839897156,0.04200234264135361,0.024064932018518448,-0.7271453142166138,-0.059461839497089386,0.20082025229930878,-0.7313405275344849
-0.0006713550537824631,0.5909150838851929,-0.7580726146697998,-0.01012282446026802,0.4127610921859741,-0.758821964263916,0.019086293876171112,0.03394275903701782,-0.756157398223877,-0.03129950165748596,0.1908009648323059,-0.7641913890838623,-0.020332086831331253,-0.40025874972343445,10.23991870880127,0.03363734483718872,0.6073477864265442,-0.740739107131958,-0.030193032696843147,0.4499095678329468,-0.7386744618415833,0.046154268085956573,0.02354966476559639,-0.7301452159881592,-0.06423748284578323,0.20248354971408844,-0.7351171970367432
0.003298431634902954,0.5944607257843018,-0.7621731758117676,-0.013552676886320114,0.41819560527801514,-0.762183666229248,0.022859029471874237,0.03210270404815674,-0.7599327564239502,-0.03596767783164978,0.19178521633148193,-0.7677600383758545,-0.020450545474886894,-0.47199103236198425,10.295306205749512,0.038259342312812805,0.6091981530189514,-0.7450509071350098,-0.034276410937309265,0.45484668016433716,-0.7422696948051453,0.050067029893398285,0.023017797619104385,-0.7331046462059021,-0.0689883828163147,0.20453551411628723,-0.7387929558753967
0.007451117038726807,0.5976977348327637,-0.7662010192871094,-0.017126120626926422,0.4236013889312744,-0.7656240463256836,0.026580888777971268,0.030368030071258545,-0.7635617256164551,-0.04053989052772522,0.1929602026939392,-0.771395206451416,0.03650777041912079,-0.42116066813468933,10.239359855651855,0.04316605627536774,0.6111001372337341,-0.7488943934440613,-0.038545794785022736,0.46004191040992737,-0.7458070516586304,0.053803324699401855,0.0222829170525074,-0.7362480759620667,-0.07358242571353912,0.2066458910703659,-0.7421442270278931
0.011478986591100693,0.6009534597396851,-0.7702112197875977,-0.020505424588918686,0.4287146329879761,-0.7691655158996582,0.030400831252336502,0.028908371925354004,-0.7671976089477539,-0.04514729976654053,0.19417732954025269,-0.7750322818756104,0.06977066397666931,-0.41161972284317017,10.22446060180664,0.045950159430503845,0.6153683662414551,-0.7519965171813965,-0.041250623762607574,0.4631252586841583,-0.7503500580787659,0.058311790227890015,0.022917184978723526,-0.739962637424469,-0.07827875763177872,0.20762202143669128,-0.7456575632095337
0.015250258147716522,0.6041090488433838,-0.7743222713470459,-0.023697901517152786,0.4335196018218994,-0.7727663516998291,0.034367725253105164,0.027794837951660156,-0.770869255065918,-0.04984808713197708,0.19540458917617798,-0.7786171436309814,0.04445314407348633,-0.4842418432235718,10.240706443786621,0.04814128577709198,0.6176987290382385,-0.7559348344802856,-0.043955545872449875,0.46562886238098145,-0.7552325129508972,0.0634780079126358,0.024546485394239426,-0.7433691620826721,-0.08334580808877945,0.20858998596668243,-0.7489832639694214
0.019027475267648697,0.6069598197937012,-0.7785074710845947,-0.026985187083482742,0.4382638931274414,-0.7762937545776367,0.03838086128234863,0.026974380016326904,-0.7745630741119385,-0.05464852601289749,0.1967024803161621,-0.7820913791656494,-0.006863832473754883,-0.6025403141975403,10.269331932067871,0.052093975245952606,0.6176448464393616,-0.7603883743286133,-0.048070523887872696,0.4696314334869385,-0.7593109607696533,0.06803363561630249,0.02612869068980217,-0.746345579624176,-0.08847742527723312,0.21037280559539795,-0.7520487308502197
0.02310642972588539,0.6094279289245605,-0.7826354503631592,-0.030466482043266296,0.4431450366973877,-0.7797484397888184,0.04233352094888687,0.026316344738006592,-0.7782301902770996,-0.0594770684838295,0.1981601119041443,-0.785480260848999,-0.0018957741558551788,-0.6577543020248413,10.31090259552002,0.057855598628520966,0.6173078417778015,-0.7644708752632141,-0.053255558013916016,0.4750188887119293,-0.7624395489692688,0.07163429260253906,0.026839930564165115,-0.749267041683197,-0.09319952130317688,0.21300646662712097,-0.7550716400146484
0.027423422783613205,0.6116578578948975,-0.7865242958068848,-0.03400116041302681,0.44799041748046875,-0.7833003997802734,0.04622836410999298,0.02577388286590576,-0.7818264961242676,-0.06424002349376678,0.19977235794067383,-0.788926362991333,0.0470738522708416,-0.5677534341812134,10.255725860595703,0.06305503845214844,0.6189911961555481,-0.7677643895149231,-0.05782223120331764,0.4792611598968506,-0.7656742930412292,0.0751211941242218,0.027348224073648453,-0.7524511218070984,-0.09743330627679825,0.21547254920005798,-0.7584647536277771
0.03148936852812767,0.614018440246582,-0.7903783321380615,-0.03726855665445328,0.4523789882659912,-0.7868943214416504,0.050204724073410034,0.025485455989837646,-0.78548264503479,-0.06894692778587341,0.20140504837036133,-0.7924160957336426,0.08925424516201019,-0.5405566096305847,10.215548515319824,0.06513314694166183,0.6232580542564392,-0.7708131074905396,-0.060321029275655746,0.4800204932689667,-0.7703240513801575,0.07973781228065491,0.029417846351861954,-0.7562658190727234,-0.10163980722427368,0.21683664619922638,-0.7623463869094849
0.035184718668460846,0.6163703203201294,-0.7943000793457031,-0.0403059646487236,0.45636558532714844,-0.7905104160308838,0.05433192849159241,0.025436103343963623,-0.7891814708709717,-0.07371819764375687,0.20302826166152954,-0.7959051132202148,0.06369005143642426,-0.6156141757965088,10.244053840637207,0.06662967801094055,0.6249544024467468,-0.7749337553977966,-0.06274746358394623,0.48068445920944214,-0.7753439545631409,0.08509312570095062,0.032270658761262894,-0.7594595551490784,-0.10661616921424866,0.21820463240146637,-0.7657514214515686
0.03892211616039276,0.6184924840927124,-0.7981746196746826,-0.04350303113460541,0.4602442979812622,-0.7940146923065186,0.058481499552726746,0.025525927543640137,-0.7928626537322998,-0.0785706415772438,0.2047150731086731,-0.7993373870849609,0.037619881331920624,-0.7216567397117615,10.276848793029785,0.07062855362892151,0.6236786842346191,-0.7795554399490356,-0.06703507155179977,0.4835410714149475,-0.7792989015579224,0.08958086371421814,0.03482123091816902,-0.7619895339012146,-0.11173604428768158,0.22043050825595856,-0.7688295841217041
0.04304548352956772,0.6203035116195679,-0.8018145561218262,-0.04704967141151428,0.4642367362976074,-0.7973892688751221,0.06265436112880707,0.025620996952056885,-0.7964067459106445,-0.08342421054840088,0.2065333127975464,-0.8027980327606201,0.10030015558004379,-0.5851703882217407,10.250825881958008,0.07662849128246307,0.6226896643638611,-0.783485472202301,-0.07227984070777893,0.48812538385391235,-0.7822878956794739,0.0929260402917862,0.03628551587462425,-0.7646027207374573,-0.11639659851789474,0.22326572239398956,-0.7719742059707642
0.04694599658250809,0.6223855018615723,-0.8052759170532227,-0.05044160038232803,0.4677445888519287,-0.8008744716644287,0.06687242537736893,0.02595973014831543,-0.7999329566955566,-0.08811289072036743,0.20829683542251587,-0.8064413070678711,0.11922287195920944,-0.487191379070282,10.221081733703613,0.07896439731121063,0.62711101770401,-0.7859323620796204,-0.07508718967437744,0.48790207505226135,-0.7870574593544006,0.09688480198383331,0.03909445181488991,-0.7689770460128784,-0.1200433298945427,0.2246239334344864,-0.775884211063385
0.05057855695486069,0.6247118711471558,-0.8085789680480957,-0.05354185402393341,0.47062158584594727,-0.8045368194580078,0.07115881145000458,0.026619136333465576,-0.8034710884094238,-0.09272950887680054,0.20990467071533203,-0.8101809024810791,0.07345777750015259,-0.4002850651741028,10.275693893432617,0.0790872573852539,0.6286705732345581,-0.7899603247642517,-0.07732865959405899,0.48622745275497437,-0.7928369641304016,0.10234425961971283,0.04351465031504631,-0.7728779911994934,-0.12416773289442062,0.2253880351781845,-0.7793705463409424
0.05420767515897751,0.6268938779830933,-0.8115179538726807,-0.056635595858097076,0.47293365001678467,-0.808441162109375,0.07565734535455704,0.027717888355255127,-0.806931734085083,-0.09730198234319687,0.2113143801689148,-0.8140923976898193,-0.001125425100326538,-0.15541231632232666,10.284506797790527,0.07989262789487839,0.6273006796836853,-0.7948209643363953,-0.08090095221996307,0.4845516085624695,-0.7982978224754333,0.1075490266084671,0.04940367117524147,-0.7763803601264954,-0.1284014880657196,0.22582285106182098,-0.7828868627548218
0.057359978556632996,0.6289159059524536,-0.8141756057739258,-0.05974840372800827,0.47442781925201416,-0.8128902912139893,0.08045432716608047,0.029775381088256836,-0.810077428817749,-0.10169334709644318,0.21236342191696167,-0.8183741569519043,-0.12465278804302216,0.23700734972953796,10.25842571258545,0.0794365406036377,0.6278112530708313,-0.7994043231010437,-0.08416202664375305,0.47998327016830444,-0.8042522668838501,0.11251194775104523,0.0574595145881176,-0.7811151146888733,-0.13178126513957977,0.22494561970233917,-0.7872745990753174
0.05990833044052124,0.6308192014694214,-0.8167686462402344,-0.06281810998916626,0.4746628999710083,-0.8179893493652344,0.08558938652276993,0.03336519002914429,-0.8130624294281006,-0.10583074390888214,0.21283471584320068,-0.8229358196258545,-0.3144935667514801,0.642555832862854,10.255261421203613,0.0764797031879425,0.6291768550872803,-0.8043453693389893,-0.0867098793387413,0.47092753648757935,-0.8115690350532532,0.11830095946788788,0.06923286616802216,-0.7871401906013489,-0.13452006876468658,0.22236619889736176,-0.792070209980011
0.06186594069004059,0.632370114326477,-0.8195180892944336,-0.06606142967939377,0.4734841585159302,-0.8236181735992432,0.09101267904043198,0.038839101791381836,-0.8160355091094971,-0.10975275933742523,0.21253931522369385,-0.8276455402374268,-0.4734962284564972,0.8902754187583923,10.235965728759766,0.0735272616147995,0.6277274489402771,-0.8106815218925476,-0.09003747254610062,0.45987674593925476,-0.8193848729133606,0.12437254190444946,0.08463853597640991,-0.7929956316947937,-0.1371299773454666,0.21892397105693817,-0.7970748543739319
0.06374037265777588,0.6328840255737305,-0.8225631713867188,-0.0696331039071083,0.4714459180831909,-0.8294627666473389,0.0964476466178894,0.045899271965026855,-0.8192298412322998,-0.1135617196559906,0.21143853664398193,-0.8324980735778809,-0.25058144330978394,0.9604520797729492,10.080377578735352,0.07441030442714691,0.6227830052375793,-0.8172705173492432,-0.09493611007928848,0.45250844955444336,-0.8266223073005676,0.12891101837158203,0.10012549161911011,-0.7983800768852234,-0.13966712355613708,0.2162713259458542,-0.8016258478164673
0.06583339720964432,0.6328452825546265,-0.8260283470153809,-0.07310038805007935,0.46965253353118896,-0.8352386951446533,0.10168395936489105,0.05348557233810425,-0.8228964805603027,-0.11759354174137115,0.2098281979560852,-0.8372116088867188,-0.09489110857248306,0.7016808986663818,10.028666496276855,0.07812747359275818,0.6194609999656677,-0.8222939372062683,-0.0986097902059555,0.45325809717178345,-0.8331815600395203,0.1317523866891861,0.11044475436210632,-0.8043690323829651,-0.14260509610176086,0.21331731975078583,-0.8054699897766113
0.0687096044421196,0.6317797899246216,-0.8298277854919434,-0.07672160118818283,0.4689760208129883,-0.8406829833984375,0.10654576122760773,0.06050795316696167,-0.8269860744476318,-0.12173175811767578,0.20832562446594238,-0.841886043548584,0.17493659257888794,0.5744116306304932,10.051344871520996,0.08616495132446289,0.6124235987663269,-0.8264715075492859,-0.10456249862909317,0.46208304166793823,-0.837981641292572,0.13372968137264252,0.11428007483482361,-0.8100332617759705,-0.1456621289253235,0.21324647963047028,-0.8084486126899719
0.07222237437963486,0.6305280923843384,-0.8339478969573975,-0.08061961829662323,0.4693976640701294,-0.845771312713623,0.11097271740436554,0.0665435791015625,-0.8313703536987305,-0.12567734718322754,0.20703190565109253,-0.8465433120727539,0.31231942772865295,0.39101460576057434,10.088589668273926,0.09416423738002777,0.6098349690437317,-0.8295645713806152,-0.11006543785333633,0.47196462750434875,-0.841424822807312,0.1358688473701477,0.11480337381362915,-0.8152962327003479,-0.1484517753124237,0.2117820829153061,-0.8120615482330322
0.0763697400689125,0.6291036605834961,-0.8382484912872314,-0.0849275067448616,0.47083330154418945,-0.850499153137207,0.1150989830493927,0.07149022817611694,-0.8358802795410156,-0.12944217026233673,0.20595192909240723,-0.8511204719543457,0.38994845747947693,0.2348010390996933,10.144317626953125,0.10198700428009033,0.6073555946350098,-0.8328724503517151,-0.11566072702407837,0.4814659357070923,-0.8449898362159729,0.13905495405197144,0.11335441470146179,-0.8196763396263123,-0.15195375680923462,0.21133767068386078,-0.815070390701294
0.08105072379112244,0.62754225730896,-0.84269118309021,-0.08955929428339005,0.4731478691101074,-0.8549854755401611,0.11901883780956268,0.07547378540039062,-0.8404011726379395,-0.13310769200325012,0.2050575613975525,-0.8555819988250732,0.4041827917098999,0.12576213479042053,10.194788932800293,0.10952764749526978,0.6051003336906433,-0.8370446562767029,-0.1209978312253952,0.4899345338344574,-0.8485581278800964,0.14278608560562134,0.1114751398563385,-0.8231034874916077,-0.1560521125793457,0.21137218177318573,-0.8182895183563232
0.08608745783567429,0.6259979009628296,-0.8472402095794678,-0.09435383230447769,0.47601258754730225,-0.8593993186950684,0.12281526625156403,0.0787230134010315,-0.8448629379272461,-0.1367669403553009,0.20437097549438477,-0.8599636554718018,0.39614537358283997,0.10185074806213379,10.21756649017334,0.11666056513786316,0.6039552092552185,-0.8415630459785461,-0.1258847415447235,0.49633997678756714,-0.8525090217590332,0.1468202918767929,0.10991330444812775,-0.8263471722602844,-0.16058693826198578,0.21206946671009064,-0.8218222260475159
0.09118659794330597,0.6247434616088867,-0.8518750667572021,-0.09906955063343048,0.4789689779281616,-0.8639042377471924,0.12667404115200043,0.08155250549316406,-0.8492112159729004,-0.14049595594406128,0.20391130447387695,-0.8642990589141846,0.376859188079834,0.1038859486579895,10.296923637390137,0.12226076424121857,0.6044756770133972,-0.8462622165679932,-0.12988661229610443,0.49974918365478516,-0.8572831749916077,0.15155094861984253,0.10965994000434875,-0.8298919200897217,-0.1654399335384369,0.213063046336174,-0.825624942779541
0.09621696919202805,0.6236299276351929,-0.8565707206726074,-0.10363736748695374,0.48170745372772217,-0.8686032295227051,0.130726158618927,0.08425778150558472,-0.8534173965454102,-0.14442867040634155,0.2036728858947754,-0.8685846328735352,0.3374054729938507,0.188751682639122,10.285236358642578,0.12685498595237732,0.6042397618293762,-0.8513852953910828,-0.13385847210884094,0.5007146000862122,-0.8627914786338806,0.15674073994159698,0.11116805672645569,-0.8336271643638611,-0.17059504985809326,0.21440936625003815,-0.8294422626495361
0.1009976863861084,0.6226811408996582,-0.8613827228546143,-0.10795056819915771,0.48405158519744873,-0.8735740184783936,0.13508477807044983,0.08714622259140015,-0.8575286865234375,-0.14859087765216827,0.20362114906311035,-0.8728394508361816,0.2531890571117401,0.27828389406204224,10.293245315551758,0.1300739347934723,0.6046685576438904,-0.8568679094314575,-0.1374146193265915,0.49964216351509094,-0.8689103722572327,0.16248971223831177,0.11493882536888123,-0.8378199934959412,-0.1757541298866272,0.21546994149684906,-0.8336585760116577
0.1055627167224884,0.6216984987258911,-0.866347074508667,-0.11214029788970947,0.4859926700592041,-0.8787367343902588,0.1397555023431778,0.09044528007507324,-0.8616254329681396,-0.15299692749977112,0.20367282629013062,-0.8770630359649658,0.13334514200687408,0.3244509994983673,10.300844192504883,0.13312189280986786,0.6037840247154236,-0.862760603427887,-0.14158347249031067,0.4971570372581482,-0.8753136992454529,0.16831044852733612,0.12063935399055481,-0.8423270583152771,-0.1808168739080429,0.21673962473869324,-0.8381524085998535
0.11012102663516998,0.6204572916030884,-0.8714578151702881,-0.11649176478385925,0.4876183271408081,-0.8838610649108887,0.1446373611688614,0.09415894746780396,-0.8658401966094971,-0.15758538246154785,0.20382779836654663,-0.8812675476074219,0.059818439185619354,0.27216392755508423,10.300695419311523,0.13718152046203613,0.6012490391731262,-0.8686390519142151,-0.1467289924621582,0.49488410353660583,-0.8815407156944275,0.17368480563163757,0.12693442404270172,-0.8469905257225037,-0.1856345534324646,0.21874819695949554,-0.8429189920425415
0.11490155756473541,0.6187968254089355,-0.8766405582427979,-0.1211138516664505,0.4891390800476074,-0.8888471126556396,0.14957591891288757,0.09800517559051514,-0.8702282905578613,-0.16229595243930817,0.20419681072235107,-0.8855218887329102,0.08044395595788956,0.20196351408958435,10.310665130615234,0.14282670617103577,0.5974372029304504,-0.8740435838699341,-0.15237018465995789,0.49485498666763306,-0.8872779607772827,0.17845231294631958,0.13168634474277496,-0.8515948057174683,-0.19046512246131897,0.22167673707008362,-0.8476079702377319
0.11993961036205292,0.6168707609176636,-0.8818550109863281,-0.12592630088329315,0.4907212257385254,-0.8937318325042725,0.1544819474220276,0.10173124074935913,-0.8747732639312744,-0.16707713901996613,0.20483148097991943,-0.8898484706878662,0.10407758504152298,0.14040108025074005,10.250718116760254,0.1491314172744751,0.5943298935890198,-0.8789942860603333,-0.1577257364988327,0.49633610248565674,-0.8927032947540283,0.18298280239105225,0.13475151360034943,-0.8562549948692322,-0.19536878168582916,0.22456783056259155,-0.8522869348526001
0.12516602873802185,0.6148829460144043,-0.8871445655822754,-0.13078993558883667,0.49242842197418213,-0.8985762596130371,0.1594492495059967,0.10523664951324463,-0.8794169425964355,-0.17198117077350616,0.2057691216468811,-0.8941812515258789,0.08876959979534149,0.045980241149663925,10.230334281921387,0.155088409781456,0.5922473073005676,-0.8840004205703735,-0.16254571080207825,0.4985058009624481,-0.8981339335441589,0.18805760145187378,0.13699717819690704,-0.8607458472251892,-0.2006191909313202,0.22728992998600006,-0.8569344282150269
0.1306278109550476,0.6126983165740967,-0.8925213813781738,-0.1357623040676117,0.4942513704299927,-0.9033873081207275,0.1644938439130783,0.10849851369857788,-0.8841168880462646,-0.17705164849758148,0.20702964067459106,-0.8984854221343994,0.07693447172641754,-0.025873549282550812,10.237606048583984,0.16150107979774475,0.5891213417053223,-0.8892336487770081,-0.1678485870361328,0.5009050965309143,-0.9034779667854309,0.1932753026485443,0.1389632672071457,-0.8650184869766235,-0.20622596144676208,0.23043181002140045,-0.8616126775741577
0.13632892072200775,0.6103655099868774,-0.8979637622833252,-0.1408788561820984,0.4960918426513672,-0.9081876277923584,0.16959497332572937,0.11156278848648071,-0.88887619972229,-0.1822669804096222,0.20861095190048218,-0.9027867317199707,0.06306806951761246,-0.09953221678733826,10.231111526489258,0.16824449598789215,0.5862018465995789,-0.8944898843765259,-0.17338061332702637,0.5026863217353821,-0.9088435769081116,0.19842958450317383,0.1410679668188095,-0.8694401383399963,-0.21189391613006592,0.233787402510643,-0.8666436672210693
0.14224019646644592,0.6079128980636597,-0.9034616947174072,-0.1461222618818283,0.49790310859680176,-0.9130074977874756,0.17476920783519745,0.11446791887283325,-0.8936941623687744,-0.18763481080532074,0.21052342653274536,-0.907109260559082,0.04524267837405205,-0.16177910566329956,10.23373031616211,0.17497427761554718,0.583311140537262,-0.899836003780365,-0.17888805270195007,0.5040580034255981,-0.9143366813659668,0.2037355899810791,0.1432698518037796,-0.8739380240440369,-0.21776704490184784,0.23750966787338257,-0.871836245059967
0.1483289897441864,0.6053210496902466,-0.9090104103088379,-0.15146872401237488,0.4996284246444702,-0.91788649559021,0.18003351986408234,0.11728906631469727,-0.898566484451294,-0.19314999878406525,0.21275341510772705,-0.911482572555542,0.024742623791098595,-0.2061476856470108,10.24925422668457,0.18162009119987488,0.580181896686554,-0.9054567217826843,-0.18435704708099365,0.5047873258590698,-0.9200133681297302,0.209185391664505,0.14589469134807587,-0.8785437941551208,-0.22377511858940125,0.24144676327705383,-0.8772379159927368
0.15457838773727417,0.6025797128677368,-0.9146099090576172,-0.15693947672843933,0.5011447668075562,-0.9228689670562744,0.18539319932460785,0.12011712789535522,-0.9035298824310303,-0.1988016813993454,0.2152773141860962,-0.915900468826294,-0.004161544144153595,-0.258678138256073,10.243638038635254,0.18821600079536438,0.5768069624900818,-0.9113503098487854,-0.18982678651809692,0.5046757459640503,-0.9259527325630188,0.21469691395759583,0.1491752415895462,-0.8833614587783813,-0.22984415292739868,0.24549804627895355,-0.8828729391098022
0.16099436581134796,0.599605917930603,-0.9202477931976318,-0.16250979900360107,0.5024254322052002,-0.9279553890228271,0.19085201621055603,0.12300097942352295,-0.9085874557495117,-0.2046034038066864,0.21808010339736938,-0.9204120635986328,-0.009131441824138165,-0.28477078676223755,10.223027229309082,0.19497208297252655,0.5727916359901428,-0.9176754951477051,-0.19534939527511597,0.5044311285018921,-0.9319391846656799,0.2202778160572052,0.1528700441122055,-0.8881867527961731,-0.23612430691719055,0.24977783858776093,-0.8887619972229004
0.16754359006881714,0.5964902639389038,-0.9259347915649414,-0.1681508868932724,0.5034471750259399,-0.9332005977630615,0.19641222059726715,0.12599390745162964,-0.9137599468231201,-0.21053168177604675,0.22111809253692627,-0.9250602722167969,-0.011369986459612846,-0.29598018527030945,10.211774826049805,0.20172560214996338,0.5691489577293396,-0.9242269992828369,-0.20070412755012512,0.5037649869918823,-0.9381641745567322,0.22593259811401367,0.15701879560947418,-0.8933143615722656,-0.242441326379776,0.2540173828601837,-0.8949049115180969
0.17419812083244324,0.5932166576385498,-0.9316930770874023,-0.17386774718761444,0.5041446685791016,-0.9386353492736816,0.20208275318145752,0.12917274236679077,-0.9190685749053955,-0.21656417846679688,0.2243388295173645,-0.9298772811889648,-0.012706542387604713,-0.2900857627391815,10.203902244567871,0.20833756029605865,0.565270721912384,-0.9311385750770569,-0.20613893866539001,0.5024279952049255,-0.9446606040000916,0.23168575763702393,0.16183103621006012,-0.8987317681312561,-0.24873581528663635,0.25817012786865234,-0.9013002514839172
0.18094216287136078,0.5897403955459595,-0.9375412464141846,-0.17967288196086884,0.5044708251953125,-0.9442925453186035,0.20787063241004944,0.1326146125793457,-0.9245302677154541,-0.2226773202419281,0.22767657041549683,-0.934894323348999,-0.008212880231440067,-0.2636275291442871,10.19572639465332,0.21489489078521729,0.5609482526779175,-0.938498318195343,-0.21172043681144714,0.5004804134368896,-0.9514204859733582,0.23752906918525696,0.1673675775527954,-0.904431164264679,-0.25496137142181396,0.2621190845966339,-0.9079945087432861
0.18777167797088623,0.5860353708267212,-0.9435045719146729,-0.1855819672346115,0.5043946504592896,-0.9502012729644775,0.2137766182422638,0.13638675212860107,-0.9301655292510986,-0.2288426160812378,0.2310609221458435,-0.9401388168334961,-0.0001623285934329033,-0.22233839333057404,10.183221817016602,0.22150063514709473,0.5562853813171387,-0.946297824382782,-0.2174738347530365,0.49798548221588135,-0.9584835171699524,0.24344858527183533,0.17359860241413116,-0.910466730594635,-0.2610739767551422,0.2657453417778015,-0.915023684501648
0.19469381868839264,0.5820672512054443,-0.949615478515625,-0.1916227638721466,0.5039128065109253,-0.956385612487793,0.21980251371860504,0.14053505659103394,-0.9359965324401855,-0.2350372076034546,0.23442906141281128,-0.9456334114074707,0.010756302624940872,-0.17243367433547974,10.1719970703125,0.2282482087612152,0.5511990785598755,-0.9544970393180847,-0.22351783514022827,0.49510273337364197,-0.9658788442611694,0.24946925044059753,0.1804211288690567,-0.9168736338615417,-0.26708748936653137,0.2690291106700897,-0.9223747253417969
0.20173323154449463,0.5777726173400879,-0.9559071063995361,-0.1978355348110199,0.5030431747436523,-0.9628622531890869,0.2259473204612732,0.14508503675460815,-0.9420452117919922,-0.24124637246131897,0.23772895336151123,-0.9513959884643555,0.024807825684547424,-0.11709535121917725,10.157655715942383,0.23529475927352905,0.5454784631729126,-0.9631147980690002,-0.22997382283210754,0.4919738173484802,-0.9735702872276306,0.2555987238883972,0.18773165345191956,-0.9236432909965515,-0.27303147315979004,0.2719652056694031,-0.930088996887207
0.2089265137910843,0.5730950832366943,-0.9624159336090088,-0.2042558789253235,0.5018224716186523,-0.969639778137207,0.23221102356910706,0.1500380039215088,-0.9483373165130615,-0.24746480584144592,0.2409260869026184,-0.957432746887207,0.04014807939529419,-0.06242680549621582,10.150349617004395,0.24276146292686462,0.5390966534614563,-0.9721301198005676,-0.23685482144355774,0.48872968554496765,-0.9815066456794739,0.2618658244609833,0.19538988173007965,-0.9307652115821838,-0.2789499759674072,0.2745765745639801,-0.9381792545318604
0.21632251143455505,0.567965030670166,-0.9691722393035889,-0.21092070639133453,0.5002820491790771,-0.9767155647277832,0.23859038949012756,0.15536797046661377,-0.954902172088623,-0.25369763374328613,0.24400538206100464,-0.9637424945831299,0.0537714958190918,-0.016692252829670906,10.13583755493164,0.25078466534614563,0.5319100022315979,-0.9815064072608948,-0.24420392513275146,0.4853791892528534,-0.989645779132843,0.26825806498527527,0.2032274305820465,-0.9382466077804565,-0.28490951657295227,0.2769670784473419,-0.9466776847839355
0.22396403551101685,0.5623127222061157,-0.9762065410614014,-0.21787086129188538,0.4984806776046753,-0.9840848445892334,0.2450942099094391,0.16101348400115967,-0.9617600440979004,-0.2599640190601349,0.24698424339294434,-0.9703292846679688,0.06190215423703194,0.022142017260193825,10.12684154510498,0.2594221234321594,0.5238611102104187,-0.9912859201431274,-0.2520005404949188,0.48209649324417114,-0.997940182685852,0.2748795449733734,0.2110123634338379,-0.9460082650184631,-0.2910650372505188,0.27930352091789246,-0.9555618762969971
0.23193874955177307,0.5561214685440063,-0.9836311340332031,-0.22513610124588013,0.4964488744735718,-0.9917371273040771,0.2517269551753998,0.1669061779975891,-0.9689176082611084,-0.2662902772426605,0.24989748001098633,-0.9771983623504639,0.02468193881213665,0.01650785468518734,10.21805191040039,0.26878735423088074,0.5149214267730713,-1.0014958381652832,-0.2602235972881317,0.47875338792800903,-1.00639009475708,0.2816885709762573,0.21863406896591187,-0.9540271162986755,-0.2974458336830139,0.28171083331108093,-0.9648874998092651
0.24037766456604004,0.5491386651992798,-0.9913110733032227,-0.23280686140060425,0.49411678314208984,-0.9996249675750732,0.25840818881988525,0.1729673147201538,-0.9763519763946533,-0.2727212607860565,0.2528378963470459,-0.9843876361846924,0.062311843037605286,0.025318965315818787,10.150510787963867,0.2795027494430542,0.5036319494247437,-1.0117557048797607,-0.26938191056251526,0.47479379177093506,-1.0151463747024536,0.2880481481552124,0.22587889432907104,-0.9624661803245544,-0.3040500283241272,0.2848420739173889,-0.9747318029403687
0.24914351105690002,0.5415964126586914,-0.9992952346801758,-0.24076008796691895,0.49159419536590576,-1.007793664932251,0.2652834951877594,0.1791098713874817,-0.9841053485870361,-0.27922725677490234,0.2558114528656006,-0.9918737411499023,0.044479433447122574,0.030290775001049042,10.121330261230469,0.28979894518852234,0.4934803247451782,-1.0221037864685059,-0.2781929671764374,0.47134101390838623,-1.0246100425720215,0.29558464884757996,0.23256900906562805,-0.971621572971344,-0.31075093150138855,0.2878130376338959,-0.9846608638763428
0.25816652178764343,0.5332844257354736,-1.0076923370361328,-0.24903929233551025,0.4887959957122803,-1.016287088394165,0.27241250872612,0.1853601336479187,-0.9921863079071045,-0.28585073351860046,0.25876176357269287,-0.9996597766876221,0.017279336228966713,0.049073077738285065,10.103888511657715,0.29999104142189026,0.4814249873161316,-1.0337865352630615,-0.28735804557800293,0.4670698940753937,-1.0344061851501465,0.3037097752094269,0.23966598510742188,-0.9807652831077576,-0.3179214298725128,0.2902710735797882,-0.9951491951942444
0.2675454318523407,0.5241812467575073,-1.0165178775787354,-0.2576811909675598,0.4856075048446655,-1.0251569747924805,0.27977097034454346,0.19169455766677856,-1.0006489753723145,-0.29261675477027893,0.26167523860931396,-1.0077543258666992,0.00716894306242466,0.036333054304122925,10.074366569519043,0.31134095788002014,0.4685207009315491,-1.0460841655731201,-0.2969195246696472,0.4617786705493927,-1.044884443283081,0.31182679533958435,0.24685311317443848,-0.9902632832527161,-0.32533589005470276,0.29260972142219543,-1.0063329935073853
0.2773633301258087,0.5142850875854492,-1.0257654190063477,-0.26671499013900757,0.48198938369750977,-1.0344533920288086,0.287325382232666,0.19801849126815796,-1.0095407962799072,-0.29953914880752563,0.26459068059921265,-1.0162043571472168,-0.0005864920094609261,-0.0017558624967932701,10.05245590209961,0.3236534893512726,0.45478397607803345,-1.0585805177688599,-0.3069353699684143,0.4558723568916321,-1.056048035621643,0.3199073374271393,0.25353705883026123,-1.0002875328063965,-0.3329412043094635,0.2951609194278717,-1.018470287322998
0.2876620292663574,0.5035420656204224,-1.0354273319244385,-0.27617135643959045,0.4778726100921631,-1.0442297458648682,0.2950648367404938,0.20427542924880981,-1.0189030170440674,-0.3066178262233734,0.2675255537033081,-1.0250968933105469,-0.007371303625404835,-0.05225425213575363,10.021974563598633,0.3367546796798706,0.4398930072784424,-1.0714737176895142,-0.3174629211425781,0.44911015033721924,-1.0680328607559204,0.3280848562717438,0.2598673403263092,-1.010955810546875,-0.34071433544158936,0.29776737093925476,-1.0317846536636353
0.29845038056373596,0.49196362495422363,-1.045522928237915,-0.2860814034938812,0.47314977645874023,-1.0545613765716553,0.3030173182487488,0.21048706769943237,-1.0287833213806152,-0.3138427138328552,0.27044785022735596,-1.0345430374145508,-0.009891018271446228,-0.11166819930076599,9.97840690612793,0.35050511360168457,0.4241979718208313,-1.084879755973816,-0.3286232352256775,0.44122105836868286,-1.0812040567398071,0.33659353852272034,0.2662704586982727,-1.0225367546081543,-0.3485993444919586,0.30015790462493896,-1.0463008880615234
0.30972665548324585,0.4795917272567749,-1.056081771850586,-0.29650044441223145,0.467684268951416,-1.065549612045288,0.3112347424030304,0.21673071384429932,-1.0392422676086426,-0.32121050357818604,0.27326858043670654,-1.0446805953979492,-0.012783730402588844,-0.16177505254745483,9.930458068847656,0.3646273910999298,0.40791475772857666,-1.0988647937774658,-0.34067630767822266,0.43189942836761475,-1.0957789421081543,0.34563571214675903,0.2730492949485779,-1.0353769063949585,-0.3566204011440277,0.301973819732666,-1.062149167060852
0.32147151231765747,0.4664703607559204,-1.0671672821044922,-0.3075026869773865,0.461292028427124,-1.0772993564605713,0.3197939991950989,0.2231072187423706,-1.0503244400024414,-0.32873034477233887,0.275850772857666,-1.05562424659729,-0.02735646814107895,-0.19859114289283752,9.882781982421875,0.379049152135849,0.3910800814628601,-1.113623857498169,-0.35371851921081543,0.42067790031433105,-1.1116939783096313,0.35541966557502747,0.2803722620010376,-1.049461841583252,-0.3648918569087982,0.3027612864971161,-1.079473614692688
0.333755224943161,0.45261144638061523,-1.0788404941558838,-0.31920433044433594,0.45384764671325684,-1.089966058731079,0.32882067561149597,0.22968262434005737,-1.062068223953247,-0.3365289866924286,0.27822816371917725,-1.0673792362213135,-0.25215426087379456,-0.2593544125556946,10.082219123840332,0.3940497934818268,0.37354016304016113,-1.1291548013687134,-0.36779308319091797,0.40717390179634094,-1.1287025213241577,0.36612075567245483,0.28819358348846436,-1.064837098121643,-0.37366682291030884,0.30286407470703125,-1.0984272956848145
0.34674644470214844,0.43771111965179443,-1.0911707878112793,-0.3316093385219574,0.44465744495391846,-1.103384256362915,0.3381986618041992,0.23653560876846313,-1.0745043754577637,-0.3448513448238373,0.28062164783477783,-1.0799601078033447,-0.3469546139240265,-0.45717093348503113,10.121848106384277,0.409844309091568,0.3526564836502075,-1.144679307937622,-0.382790744304657,0.3884246349334717,-1.1459320783615112,0.37575003504753113,0.2971336245536804,-1.0811036825180054,-0.38337844610214233,0.30480095744132996,-1.1186189651489258
0.3602147698402405,0.422387957572937,-1.1036841869354248,-0.3444824516773224,0.43388593196868896,-1.1174352169036865,0.34799307584762573,0.24338561296463013,-1.0875585079193115,-0.35372626781463623,0.28309667110443115,-1.0934207439422607,-0.4090876579284668,-0.5531356334686279,10.085355758666992,0.42467671632766724,0.3352341651916504,-1.157525658607483,-0.39838576316833496,0.3695647418498993,-1.1641461849212646,0.38585716485977173,0.3042030930519104,-1.0990885496139526,-0.39314576983451843,0.30704978108406067,-1.138922929763794
0.37382590770721436,0.4072228670120239,-1.1165714263916016,-0.3576829731464386,0.4218006134033203,-1.1318988800048828,0.3585665225982666,0.25015145540237427,-1.1009855270385742,-0.36310073733329773,0.28536081314086914,-1.1075739860534668,-0.6024261116981506,-0.5095208883285522,10.298563957214355,0.43631431460380554,0.3210267424583435,-1.1706838607788086,-0.41379863023757935,0.3508506417274475,-1.1803370714187622,0.3991793990135193,0.3105030655860901,-1.1164578199386597,-0.4032830595970154,0.3071103096008301,-1.1564769744873047
0.38724038004875183,0.39263319969177246,-1.1297109127044678,-0.37103772163391113,0.40881621837615967,-1.146355390548706,0.3699932098388672,0.2567031979560852,-1.1144814491271973,-0.3729376494884491,0.2871168851852417,-1.1220979690551758,-0.6649525761604309,-0.3345358371734619,10.735957145690918,0.4457475543022156,0.30982059240341187,-1.183570384979248,-0.42790859937667847,0.3334202766418457,-1.1927772760391235,0.41371187567710876,0.3161836266517639,-1.1307569742202759,-0.41393837332725525,0.30619674921035767,-1.169893503189087
0.4004453122615814,0.3794306516647339,-1.1429038047790527,-0.38421228528022766,0.3958289623260498,-1.1604671478271484,0.38206520676612854,0.2626655697822571,-1.1276838779449463,-0.38296201825141907,0.2880939245223999,-1.1365327835083008,-0.6816397309303284,-0.1587034910917282,11.159581184387207,0.4547077715396881,0.3045514225959778,-1.1948661804199219,-0.4408670663833618,0.3210545480251312,-1.2033123970031738,0.4272743761539459,0.31938374042510986,-1.1425966024398804,-0.4227047264575958,0.30344757437705994,-1.1804370880126953
0.41331052780151367,0.3678199052810669,-1.1558382511138916,-0.3972874581813812,0.38360726833343506,-1.1739261150360107,0.3944651186466217,0.2678936719894409,-1.1402897834777832,-0.393019437789917,0.2881542444229126,-1.1504185199737549,-0.7021874785423279,0.05466783791780472,11.462353706359863,0.4628373682498932,0.3021045923233032,-1.2047984600067139,-0.45470917224884033,0.31381911039352417,-1.212164044380188,0.43954774737358093,0.32061856985092163,-1.153620719909668,-0.4304579496383667,0.2990519106388092,-1.1876661777496338
0.42567604780197144,0.3576362133026123,-1.16843843460083,-0.41032153367996216,0.37254786491394043,-1.186495304107666,0.4070493280887604,0.27234578132629395,-1.1520965099334717,-0.4030263125896454,0.28725314140319824,-1.1634514331817627,-0.6613361835479736,0.29199087619781494,11.631816864013672,0.47067466378211975,0.300229012966156,-1.2148830890655518,-0.46874433755874634,0.3099149167537689,-1.2188514471054077,0.451688677072525,0.32071346044540405,-1.1626778841018677,-0.4384877383708954,0.29364722967147827,-1.1924428939819336
0.4375550150871277,0.34877896308898926,-1.1805500984191895,-0.4232809841632843,0.3628619909286499,-1.198084831237793,0.4196101725101471,0.27586448192596436,-1.1630260944366455,-0.4129764139652252,0.28552162647247314,-1.17545747756958,-0.5883854627609253,0.49093106389045715,11.719637870788574,0.4790717661380768,0.29902124404907227,-1.223767876625061,-0.4819672703742981,0.3083227276802063,-1.2242906093597412,0.4632858335971832,0.31886857748031616,-1.1699422597885132,-0.4473620355129242,0.28847387433052063,-1.1955721378326416
0.44901883602142334,0.3411738872528076,-1.1920809745788574,-0.4361185133457184,0.3546161651611328,-1.2087392807006836,0.4319605827331543,0.2783695459365845,-1.1730875968933105,-0.4228649437427521,0.2831695079803467,-1.1863417625427246,-0.5716191530227661,0.5859169960021973,11.913552284240723,0.48716506361961365,0.2980804443359375,-1.230717420578003,-0.4935978651046753,0.30790990591049194,-1.2288628816604614,0.47411683201789856,0.31552577018737793,-1.1758369207382202,-0.45689094066619873,0.28415557742118835,-1.1973822116851807
0.45973896980285645,0.334635853767395,-1.2028522491455078,-0.4484672546386719,0.3475240468978882,-1.2181384563446045,0.4439062476158142,0.2799569368362427,-1.182335615158081,-0.4326249361038208,0.2804121971130371,-1.1960952281951904,-0.3354513943195343,0.5184778571128845,11.771739959716797,0.4944545328617096,0.29723531007766724,-1.2371468544006348,-0.5031556487083435,0.3074025511741638,-1.233530879020691,0.4832130968570709,0.31202107667922974,-1.1808652877807617,-0.465768426656723,0.28128257393836975,-1.1988575458526611
0.4696360230445862,0.3290543556213379,-1.212829828262329,-0.4603431820869446,0.3414740562438965,-1.2263333797454834,0.45525985956192017,0.2805607318878174,-1.1908457279205322,-0.4423125684261322,0.2772860527038574,-1.2046904563903809,-0.2516402006149292,0.46348074078559875,11.710857391357422,0.499596506357193,0.29706871509552,-1.242000937461853,-0.5118167996406555,0.307235985994339,-1.2369211912155151,0.49151888489723206,0.30681532621383667,-1.1854338645935059,-0.4755581021308899,0.2774920165538788,-1.198641300201416
0.47885605692863464,0.3243260383605957,-1.2219738960266113,-0.4714362323284149,0.33625829219818115,-1.2336184978485107,0.46608543395996094,0.2803713083267212,-1.1985547542572021,-0.4519014060497284,0.2739872932434082,-1.212169885635376,-0.21111257374286652,0.4043629765510559,11.6403169631958,0.5043381452560425,0.29748737812042236,-1.2474315166473389,-0.5183498859405518,0.30682623386383057,-1.2412548065185547,0.49990907311439514,0.30183207988739014,-1.1880640983581543,-0.48484501242637634,0.2742949426174164,-1.1977990865707397
0.4874018728733063,0.3203221559524536,-1.2302918434143066,-0.4820568859577179,0.33172428607940674,-1.2397346496582031,0.4762864410877228,0.2795569896697998,-1.2055890560150146,-0.46110281348228455,0.270527720451355,-1.2187175750732422,-0.006934036035090685,0.25669482350349426,11.536812782287598,0.5088678598403931,0.2977375388145447,-1.2516307830810547,-0.5240983963012695,0.30615589022636414,-1.2443662881851196,0.5075958967208862,0.29703813791275024,-1.189882755279541,-0.4936150014400482,0.2720242440700531,-1.1967740058898926
0.49521657824516296,0.31693410873413086,-1.237917184829712,-0.4919579327106476,0.3277171850204468,-1.244852066040039,0.48580697178840637,0.27818429470062256,-1.2120518684387207,-0.4699971377849579,0.2670891284942627,-1.2242488861083984,0.11047842353582382,0.0756428986787796,11.49041748046875,0.5126607418060303,0.2981165051460266,-1.2552999258041382,-0.5288156867027283,0.30556720495224,-1.2473334074020386,0.5141468048095703,0.29196643829345703,-1.1911035776138306,-0.5016283392906189,0.2697289288043976,-1.1948434114456177
0.5024536848068237,0.3138464689254761,-1.244797706604004,-0.5010699033737183,0.324110746383667,-1.2491438388824463,0.49459460377693176,0.2764521837234497,-1.2179441452026367,-0.4785478413105011,0.2638434171676636,-1.2287969589233398,0.31007492542266846,-0.06607094407081604,11.37197494506836,0.516211986541748,0.29877424240112305,-1.25899076461792,-0.532747209072113,0.3048926889896393,-1.2500858306884766,0.5196633338928223,0.2872750759124756,-1.1915007829666138,-0.5086861848831177,0.2679562270641327,-1.1929224729537964
0.5092473030090332,0.3109753131866455,-1.2509984970092773,-0.5093346834182739,0.32083630561828613,-1.2528584003448486,0.5026760101318359,0.2744920253753662,-1.2231683731079102,-0.48669198155403137,0.26100683212280273,-1.2324180603027344,0.23349612951278687,-0.1083143800497055,11.280271530151367,0.5199503898620605,0.29952627420425415,-1.2617908716201782,-0.5360046625137329,0.30417072772979736,-1.2527344226837158,0.5247855186462402,0.2821781039237976,-1.190940260887146,-0.5151442885398865,0.2663387656211853,-1.1908830404281616
0.5163372755050659,0.3082519769668579,-1.2568778991699219,-0.5166137218475342,0.31775224208831787,-1.2562193870544434,0.5101836919784546,0.27231669425964355,-1.2273290157318115,-0.494793564081192,0.25969356298446655,-1.2340140342712402,0.4300171434879303,0.13097263872623444,11.949407577514648,0.5231672525405884,0.30075985193252563,-1.2637004852294922,-0.5383018851280212,0.30317923426628113,-1.2555066347122192,0.5300341844558716,0.2770991921424866,-1.1897716522216797,-0.5216906666755676,0.2656842768192291,-1.189455509185791
0.5230085849761963,0.30602729320526123,-1.2623202800750732,-0.5229924917221069,0.31494462490081787,-1.2595899105072021,0.5166603326797485,0.27034318447113037,-1.230309247970581,-0.5013828277587891,0.25933098793029785,-1.2350475788116455,0.39243030548095703,-0.3344791829586029,10.938162803649902,0.5288137197494507,0.3033885955810547,-1.2653286457061768,-0.5398229956626892,0.3019307255744934,-1.2601292133331299,0.5323011875152588,0.27382177114486694,-1.190199851989746,-0.5212633609771729,0.2704647481441498,-1.1948914527893066
0.5285429954528809,0.30402934551239014,-1.2668242454528809,-0.5290882587432861,0.31237149238586426,-1.2624351978302002,0.5227276086807251,0.2684617042541504,-1.2324814796447754,-0.5086309909820557,0.258633553981781,-1.235443353652954,-0.10303480923175812,-0.0692681074142456,10.930183410644531,0.5281774997711182,0.3022615313529968,-1.2649377584457397,-0.5435433983802795,0.2997506558895111,-1.2563670873641968,0.5373293161392212,0.2701549530029297,-1.189944863319397,-0.5335346460342407,0.2671146094799042,-1.1887705326080322
0.5334367752075195,0.30248701572418213,-1.2705090045928955,-0.5340385437011719,0.30993473529815674,-1.2650954723358154,0.5290943384170532,0.2666006088256836,-1.2338612079620361,-0.5158240795135498,0.25810009241104126,-1.2356374263763428,0.1268075406551361,-0.19733357429504395,10.687154769897461,0.5297701358795166,0.30607616901397705,-1.2660009860992432,-0.5416876673698425,0.2999367415904999,-1.2626354694366455,0.5450986623764038,0.2663012444972992,-1.187053918838501,-0.540427029132843,0.26702404022216797,-1.18931245803833
0.5379818677902222,0.30131006240844727,-1.273601770401001,-0.5384663343429565,0.3078964948654175,-1.2673771381378174,0.5350472927093506,0.2649645209312439,-1.2349696159362793,-0.5226993560791016,0.25774019956588745,-1.2355561256408691,0.0244404636323452,-0.08365774154663086,10.646507263183594,0.531861424446106,0.3061153292655945,-1.266391396522522,-0.5440230965614319,0.29941779375076294,-1.2615582942962646,0.5487692356109619,0.26580387353897095,-1.1879633665084839,-0.5450493097305298,0.2674127221107483,-1.1879076957702637
0.5420128107070923,0.300390362739563,-1.2761976718902588,-0.5423312187194824,0.30616509914398193,-1.2693345546722412,0.5406210422515869,0.2633313536643982,-1.2357838153839111,-0.5290651321411133,0.2574625015258789,-1.2354068756103516,0.02511284500360489,-0.12438454478979111,10.540334701538086,0.5336956977844238,0.3074597716331482,-1.2659060955047607,-0.5448225736618042,0.2995566129684448,-1.2618629932403564,0.5519694089889526,0.26307186484336853,-1.1877554655075073,-0.5485321879386902,0.2673611044883728,-1.1886260509490967
0.5457963943481445,0.3007190227508545,-1.2780253887176514,-0.545326828956604,0.30472254753112793,-1.2714922428131104,0.5456557273864746,0.26198625564575195,-1.235992431640625,-0.5350457429885864,0.2571030259132385,-1.235133409500122,1.173898696899414,-0.654256284236908,11.311795234680176,0.5353409051895142,0.3081628680229187,-1.2660839557647705,-0.5462141633033752,0.2999711334705353,-1.2622259855270386,0.5540765523910522,0.26138585805892944,-1.1884220838546753,-0.5515525937080383,0.2667385935783386,-1.1880193948745728
0.5458825826644897,0.30115222930908203,-1.2775440216064453,-0.5461732149124146,0.30411195755004883,-1.2712104320526123,0.548248291015625,0.2616431713104248,-1.2353858947753906,-0.5387951135635376,0.25766998529434204,-1.2347278594970703,-0.1885891556739807,-0.33122074604034424,10.025644302368164,0.5425699949264526,0.3061918020248413,-1.2689728736877441,-0.5516009330749512,0.3021496832370758,-1.259844183921814,0.5481724739074707,0.2669757604598999,-1.194136142730713,-0.5451136231422424,0.26878228783607483,-1.190319538116455
0.5458790063858032,0.30114126205444336,-1.2766404151916504,-0.5471915006637573,0.303499698638916,-1.270648717880249,0.5512194633483887,0.260559618473053,-1.234062671661377,-0.5434414148330688,0.25748366117477417,-1.2335162162780762,-0.09787388890981674,0.02551494538784027,9.913013458251953,0.5373649597167969,0.30371201038360596,-1.259840488433838,-0.550449013710022,0.3024643659591675,-1.2512320280075073,0.5536376237869263,0.25947147607803345,-1.1902166604995728,-0.556721031665802,0.26247185468673706,-1.1847985982894897
0.5457160472869873,0.30146729946136475,-1.2761404514312744,-0.547252893447876,0.30351150035858154,-1.2706797122955322,0.5544980764389038,0.25895386934280396,-1.2323122024536133,-0.5472198724746704,0.257127583026886,-1.2323510646820068,-0.08106976747512817,-0.013041602447628975,9.892837524414062,0.5384291410446167,0.3081146478652954,-1.2624808549880981,-0.5463300943374634,0.30607518553733826,-1.2646254301071167,0.5587749481201172,0.25450268387794495,-1.1880967617034912,-0.5550181865692139,0.2586703598499298,-1.1840486526489258
0.5456579923629761,0.3016449213027954,-1.2757456302642822,-0.5477510690689087,0.30328643321990967,-1.2701854705810547,0.5570337772369385,0.2581573724746704,-1.2312183380126953,-0.5500504970550537,0.25697749853134155,-1.2314975261688232,-0.11189112812280655,-0.0499202162027359,9.876628875732422,0.5390306711196899,0.30690890550613403,-1.2618807554244995,-0.5505324602127075,0.3046632409095764,-1.254581332206726,0.5577285289764404,0.2593195140361786,-1.190621018409729,-0.5528736114501953,0.25987377762794495,-1.1858220100402832
0.5457391738891602,0.3018432855606079,-1.2753772735595703,-0.5481137037277222,0.3032108545303345,-1.2697641849517822,0.5589737892150879,0.2572252154350281,-1.2304158210754395,-0.5524847507476807,0.2567107081413269,-1.2306363582611084,-0.10979045182466507,-0.016695309430360794,9.849355697631836,0.5404583215713501,0.30800116062164307,-1.260387659072876,-0.5499881505966187,0.30656495690345764,-1.2546786069869995,0.5554977655410767,0.25595322251319885,-1.191635251045227,-0.5529901385307312,0.2581981420516968,-1.1847172975540161
0.5459694862365723,0.30202770233154297,-1.2750165462493896,-0.548405647277832,0.3032020330429077,-1.2693941593170166,0.5605121850967407,0.2563287019729614,-1.2297568321228027,-0.5543326139450073,0.25645309686660767,-1.2299227714538574,-0.09739289432764053,-0.03857914358377457,9.82624626159668,0.5411802530288696,0.3081415891647339,-1.259131908416748,-0.5503178238868713,0.3071313798427582,-1.2555818557739258,0.5547574758529663,0.254791796207428,-1.1925121545791626,-0.5513805747032166,0.2570513188838959,-1.1849380731582642
0.5462089776992798,0.3022118806838989,-1.2746872901916504,-0.5488439798355103,0.30317628383636475,-1.2690584659576416,0.5616409778594971,0.25560951232910156,-1.2291393280029297,-0.5557445287704468,0.25616687536239624,-1.229346513748169,-0.1395162045955658,0.15806281566619873,9.61678409576416,0.5413684844970703,0.3082529902458191,-1.259223222732544,-0.5510900020599365,0.3071461319923401,-1.2539221048355103,0.553960919380188,0.2548691928386688,-1.1931531429290771,-0.5504310727119446,0.25640738010406494,-1.1851122379302979
0.5464730262756348,0.30232977867126465,-1.2743220329284668,-0.5491155385971069,0.30316412448883057,-1.2689878940582275,0.5628306865692139,0.2549290657043457,-1.2282874584197998,-0.5570217370986938,0.2558135390281677,-1.2288134098052979,-0.10678784549236298,-0.012243065983057022,9.814136505126953,0.5414706468582153,0.3079570531845093,-1.2577173709869385,-0.5501349568367004,0.30668067932128906,-1.2550538778305054,0.5553128719329834,0.2524679899215698,-1.1923123598098755,-0.5508345365524292,0.25536513328552246,-1.1845592260360718
0.5467098951339722,0.3024928569793701,-1.274073600769043,-0.5495297908782959,0.30315709114074707,-1.2687315940856934,0.5635124444961548,0.25461989641189575,-1.2278509140014648,-0.5578597784042358,0.2555409073829651,-1.2284164428710938,-0.14377336204051971,-0.007106868550181389,9.806063652038574,0.5418590307235718,0.3084189295768738,-1.2593086957931519,-0.5513954162597656,0.307431697845459,-1.253511905670166,0.5535962581634521,0.2547838091850281,-1.1940648555755615,-0.5493836998939514,0.25561636686325073,-1.18513822555542
0.5469532012939453,0.3025782108306885,-1.2738287448883057,-0.5499633550643921,0.30313706398010254,-1.2684814929962158,0.5639603137969971,0.254399836063385,-1.2275416851043701,-0.5585685968399048,0.2552728056907654,-1.2280640602111816,-0.11119872331619263,-0.02231285721063614,9.823683738708496,0.5421708822250366,0.30781877040863037,-1.2582945823669434,-0.551311194896698,0.30728235840797424,-1.252388834953308,0.5524977445602417,0.2541671693325043,-1.1948096752166748,-0.5495181083679199,0.2555347681045532,-1.1851587295532227
0.5471992492675781,0.30266427993774414,-1.2736032009124756,-0.5502445697784424,0.3031458854675293,-1.2683501243591309,0.5643036365509033,0.254155695438385,-1.2272515296936035,-0.559105634689331,0.2550361156463623,-1.2277789115905762,-0.10167962312698364,-0.005485812202095985,9.808490753173828,0.5424416065216064,0.30785149335861206,-1.2583107948303223,-0.5509783625602722,0.3076038658618927,-1.253553032875061,0.5520908832550049,0.25370079278945923,-1.195294976234436,-0.5490294098854065,0.2552900016307831,-1.1851437091827393
0.547392725944519,0.30270814895629883,-1.2734344005584717,-0.5505174398422241,0.3031364679336548,-1.268202304840088,0.5645719766616821,0.2539658546447754,-1.2270336151123047,-0.5595015287399292,0.25483864545822144,-1.2275521755218506,-0.14053863286972046,-0.013429176062345505,9.824787139892578,0.5423896312713623,0.30749863386154175,-1.2582658529281616,-0.5511131286621094,0.3072812855243683,-1.2529505491256714,0.5520545244216919,0.2539481520652771,-1.19558846950531,-0.5487266778945923,0.25536563992500305,-1.1854033470153809
0.547548770904541,0.3027576208114624,-1.2732994556427002,-0.5507491827011108,0.30313074588775635,-1.2680776119232178,0.5647683143615723,0.25381696224212646,-1.2268648147583008,-0.559838056564331,0.2546578645706177,-1.2273507118225098,-0.12766680121421814,0.006010541692376137,9.839306831359863,0.5423731803894043,0.3076373338699341,-1.2584757804870605,-0.5509912967681885,0.3073420524597168,-1.2528327703475952,0.551877498626709,0.25391632318496704,-1.195736289024353,-0.5488283634185791,0.25540563464164734,-1.185455560684204
0.5476975440979004,0.30279433727264404,-1.273177146911621,-0.5509215593338013,0.3031284809112549,-1.2679972648620605,0.5649186372756958,0.25368404388427734,-1.2267227172851562,-0.5600810050964355,0.25451773405075073,-1.227203130722046,-0.11548782140016556,0.012668345123529434,9.84460735321045,0.5425065755844116,0.3075152039527893,-1.2582870721817017,-0.5507999658584595,0.3072444200515747,-1.2530741691589355,0.5517610311508179,0.2537083625793457,-1.195971131324768,-0.5486070513725281,0.25563251972198486,-1.1856913566589355
0.5478183031082153,0.30282294750213623,-1.2730772495269775,-0.5510594844818115,0.30312609672546387,-1.267939805984497,0.5650289058685303,0.2535843253135681,-1.2266209125518799,-0.5602632761001587,0.2544136047363281,-1.227095603942871,-0.10582809150218964,0.04073978215456009,9.888716697692871,0.542508602142334,0.3074226975440979,-1.2583136558532715,-0.5507745742797852,0.3071437180042267,-1.253010869026184,0.5517152547836304,0.25373607873916626,-1.1961590051651,-0.5484289526939392,0.2557629644870758,-1.1858534812927246
0.5479311943054199,0.3028501272201538,-1.2729973793029785,-0.5511597394943237,0.30312156677246094,-1.267885684967041,0.5650923252105713,0.2535133361816406,-1.2265510559082031,-0.5603528022766113,0.25434643030166626,-1.227029800415039,-0.11075984686613083,-0.005666213110089302,9.825992584228516,0.5425724983215332,0.30744898319244385,-1.2582542896270752,-0.5507080554962158,0.3070566952228546,-1.2530766725540161,0.551563024520874,0.2536485195159912,-1.1964168548583984,-0.5480262637138367,0.2560930848121643,-1.1863224506378174
0.5479835271835327,0.3028597831726074,-1.2729501724243164,-0.551272988319397,0.3031167984008789,-1.2678194046020508,0.5651507377624512,0.2534666657447815,-1.2265071868896484,-0.5605113506317139,0.25424879789352417,-1.226933240890503,-0.11099378764629364,0.017946042120456696,9.85270881652832,0.5424771308898926,0.30720072984695435,-1.25860595703125,-0.5507628917694092,0.3070809245109558,-1.252686619758606,0.5516079664230347,0.2538895606994629,-1.1962631940841675,-0.5485624670982361,0.2557200789451599,-1.1857749223709106
0.5480731725692749,0.30287444591522217,-1.2728819847106934,-0.5513623952865601,0.3031337261199951,-1.2677757740020752,0.5651934146881104,0.2534151077270508,-1.2264530658721924,-0.5606156587600708,0.25417661666870117,-1.2268576622009277,-0.11965939402580261,-0.024118443951010704,9.782923698425293,0.5426530838012695,0.30727189779281616,-1.2583073377609253,-0.5505127906799316,0.3070715665817261,-1.2530696392059326,0.5515694618225098,0.25361746549606323,-1.1962976455688477,-0.5484182238578796,0.25594690442085266,-1.1860175132751465
0.5481038093566895,0.30287861824035645,-1.272843599319458,-0.5514532327651978,0.3031749725341797,-1.267733097076416,0.5652589797973633,0.2533687353134155,-1.2264020442962646,-0.5607908964157104,0.25408172607421875,-1.2267498970031738,-0.11046998202800751,-0.00529111735522747,9.827749252319336,0.5425223112106323,0.30705493688583374,-1.258657693862915,-0.5505512356758118,0.3070548176765442,-1.2528066635131836,0.5517390966415405,0.25381845235824585,-1.196088433265686,-0.5489351749420166,0.2555828392505646,-1.185467004776001
0.5481778383255005,0.30288994312286377,-1.272791862487793,-0.551532506942749,0.303208589553833,-1.2676942348480225,0.5652937889099121,0.25332069396972656,-1.2263541221618652,-0.5608769655227661,0.2540033459663391,-1.226672649383545,-0.12558218836784363,-0.04212898015975952,9.77299976348877,0.5427389144897461,0.3071730136871338,-1.2584316730499268,-0.5503759980201721,0.306997686624527,-1.2530245780944824,0.5515917539596558,0.25367674231529236,-1.1962095499038696,-0.5486354827880859,0.2559290826320648,-1.1858556270599365
0.548208475112915,0.3028932809829712,-1.2727594375610352,-0.551615834236145,0.3032470941543579,-1.2676520347595215,0.5653499364852905,0.253276526927948,-1.2263085842132568,-0.5610276460647583,0.2539059519767761,-1.2265856266021729,-0.09130612760782242,0.04558902978897095,9.88563060760498,0.5426230430603027,0.30700063705444336,-1.2586785554885864,-0.550411581993103,0.30696237087249756,-1.2527567148208618,0.5516610145568848,0.2537938356399536,-1.1960824728012085,-0.5490821003913879,0.2556647062301636,-1.1854093074798584
0.5483188629150391,0.3029078245162964,-1.2726974487304688,-0.5516732931137085,0.30327415466308594,-1.2676160335540771,0.5653784275054932,0.25322067737579346,-1.2262566089630127,-0.5610191822052002,0.2538699507713318,-1.226546049118042,-0.1438465267419815,-0.041595958173274994,9.767114639282227,0.5428652763366699,0.30726248025894165,-1.2580175399780273,-0.5501385927200317,0.306743323802948,-1.2534998655319214,0.5514808893203735,0.25327664613723755,-1.1965442895889282,-0.5480138063430786,0.2565111219882965,-1.186506748199463
0.548315167427063,0.30290699005126953,-1.27268648147583,-0.5517480373382568,0.30330538749694824,-1.2675704956054688,0.5654351711273193,0.25318658351898193,-1.226224422454834,-0.5611410140991211,0.25379616022109985,-1.2264671325683594,-0.11479296535253525,-0.005309140309691429,9.771286010742188,0.5423743724822998,0.30702489614486694,-1.258967399597168,-0.5504505634307861,0.30673104524612427,-1.2525156736373901,0.5517532825469971,0.2539098858833313,-1.1961463689804077,-0.5490677356719971,0.25576767325401306,-1.1855027675628662
0.5483673810958862,0.3029104471206665,-1.2726471424102783,-0.5518141984939575,0.3033331632614136,-1.2675421237945557,0.5654861927032471,0.25313568115234375,-1.2261698246002197,-0.5612398386001587,0.25373178720474243,-1.2263989448547363,-0.12454996258020401,-0.02150341495871544,9.805389404296875,0.5427802801132202,0.3070262670516968,-1.2584853172302246,-0.549950361251831,0.3066696524620056,-1.2531663179397583,0.551838755607605,0.2534053921699524,-1.1959238052368164,-0.5490950345993042,0.2559148967266083,-1.1855930089950562
0.5484000444412231,0.3029170036315918,-1.272627353668213,-0.5518734455108643,0.3033602237701416,-1.2675046920776367,0.5655208826065063,0.2530969977378845,-1.226135015487671,-0.5612879991531372,0.25367283821105957,-1.2263503074645996,-0.10444781184196472,-0.01530814915895462,9.820778846740723,0.542728066444397,0.3071015477180481,-1.2585198879241943,-0.5500950813293457,0.3066583275794983,-1.2531410455703735,0.551650881767273,0.25362855195999146,-1.1962684392929077,-0.548836886882782,0.2561746835708618,-1.1857922077178955
0.5484353303909302,0.3029226064682007,-1.2726147174835205,-0.5519262552261353,0.30338549613952637,-1.2674620151519775,0.5655549764633179,0.25305628776550293,-1.2260982990264893,-0.5613068342208862,0.2536153793334961,-1.22629976272583,-0.14587907493114471,-0.01020142063498497,9.834579467773438,0.5427488088607788,0.3070753812789917,-1.2585318088531494,-0.5500836372375488,0.3065222501754761,-1.2529999017715454,0.5515103340148926,0.25360995531082153,-1.1964055299758911,-0.548643171787262,0.25632327795028687,-1.1859760284423828
0.5484638214111328,0.30292999744415283,-1.2726047039031982,-0.5519759654998779,0.303409218788147,-1.2674217224121094,0.5655919313430786,0.2530187964439392,-1.226064920425415,-0.5613359212875366,0.2535611391067505,-1.2262544631958008,-0.12599597871303558,-0.0003667771816253662,9.844730377197266,0.5426329374313354,0.3072196841239929,-1.2585124969482422,-0.5500311255455017,0.3064820468425751,-1.2530287504196167,0.5515002012252808,0.25355958938598633,-1.196440577507019,-0.5487245321273804,0.25640833377838135,-1.1860482692718506
0.5484979152679443,0.3029358386993408,-1.2725956439971924,-0.5520198345184326,0.30343103408813477,-1.2673845291137695,0.5656170845031738,0.25298231840133667,-1.2260375022888184,-0.5613473653793335,0.25350791215896606,-1.2262072563171387,-0.14824485778808594,-0.028117220848798752,9.832010269165039,0.5426660776138306,0.30721497535705566,-1.2584986686706543,-0.5499463081359863,0.30637240409851074,-1.2532095909118652,0.5514835119247437,0.25349611043930054,-1.1965326070785522,-0.548571765422821,0.256551593542099,-1.1861611604690552
0.5485060214996338,0.30294156074523926,-1.2725861072540283,-0.5520827770233154,0.3034532070159912,-1.2673523426055908,0.5656496286392212,0.25293517112731934,-1.225996732711792,-0.5613949298858643,0.25346583127975464,-1.2261667251586914,-0.1700221300125122,-0.07196647673845291,9.786520004272461,0.542576789855957,0.3072231411933899,-1.2587149143218994,-0.5500141978263855,0.30635449290275574,-1.2529021501541138,0.5514582395553589,0.25372493267059326,-1.1964772939682007,-0.5488320589065552,0.25648853182792664,-1.1859872341156006
0.5485028028488159,0.3029444217681885,-1.272568941116333,-0.5521554946899414,0.30347609519958496,-1.2673323154449463,0.5656793117523193,0.2528918385505676,-1.225952386856079,-0.561500072479248,0.253409206867218,-1.2261130809783936,-0.12106500566005707,-0.01125415787100792,9.792311668395996,0.5426125526428223,0.3071334958076477,-1.258898138999939,-0.5499286651611328,0.30644920468330383,-1.252787709236145,0.55147385597229,0.2538518011569977,-1.1962480545043945,-0.5494371652603149,0.25615689158439636,-1.1854286193847656
0.5485602617263794,0.30294597148895264,-1.2725422382354736,-0.5521899461746216,0.3035008907318115,-1.2673053741455078,0.5657182931900024,0.25285375118255615,-1.2259182929992676,-0.5615414381027222,0.25335854291915894,-1.2260680198669434,-0.11973214894533157,-0.0313621386885643,9.834920883178711,0.5428518056869507,0.3070254921913147,-1.258256435394287,-0.5495622158050537,0.3062324523925781,-1.2535085678100586,0.5516422986984253,0.2532925605773926,-1.196310043334961,-0.5490567088127136,0.25642189383506775,-1.185729742050171
0.5485846996307373,0.3029519319534302,-1.2725331783294678,-0.5522321462631226,0.3035193681716919,-1.2672748565673828,0.5657405853271484,0.25281834602355957,-1.2258884906768799,-0.5615463256835938,0.25332140922546387,-1.2260310649871826,-0.12396159768104553,-0.01986098475754261,9.772270202636719,0.5427072048187256,0.3071904182434082,-1.2586240768432617,-0.549843966960907,0.3061992824077606,-1.253191351890564,0.55146324634552,0.253722220659256,-1.1966058015823364,-0.5486957430839539,0.2566649913787842,-1.1860135793685913
0.5486007928848267,0.30295300483703613,-1.2725248336791992,-0.5522799491882324,0.30353474617004395,-1.267247200012207,0.5657806396484375,0.2527742385864258,-1.2258484363555908,-0.5615947246551514,0.253267765045166,-1.2259933948516846,-0.07535472512245178,0.024071604013442993,9.8444185256958,0.5426604747772217,0.30699920654296875,-1.2585607767105103,-0.5496681928634644,0.30601662397384644,-1.2530407905578613,0.5517024993896484,0.25345325469970703,-1.196289300918579,-0.5491446256637573,0.25643739104270935,-1.1856929063796997
0.5486636161804199,0.3029594421386719,-1.272507905960083,-0.5522933006286621,0.3035539388656616,-1.2672107219696045,0.5658226013183594,0.2527419328689575,-1.2258191108703613,-0.5615757703781128,0.25323712825775146,-1.2259552478790283,-0.14113153517246246,-0.039037466049194336,9.788613319396973,0.5428943634033203,0.3071557879447937,-1.258219599723816,-0.5494990348815918,0.3059471845626831,-1.2537449598312378,0.5515809059143066,0.253201961517334,-1.1966243982315063,-0.5484012961387634,0.25695574283599854,-1.1863001585006714
0.5486571788787842,0.3029613494873047,-1.2724967002868652,-0.5523461103439331,0.30356574058532715,-1.2671852111816406,0.5658453702926636,0.2527189254760742,-1.2258038520812988,-0.5616153478622437,0.2532147169113159,-1.2259409427642822,-0.08299750089645386,0.024361131712794304,9.859375,0.5424919128417969,0.3071194291114807,-1.2587943077087402,-0.549822986125946,0.3059256672859192,-1.2528213262557983,0.5516459941864014,0.2537681460380554,-1.1964542865753174,-0.5490920543670654,0.2565929889678955,-1.1857554912567139
0.548722505569458,0.30296754837036133,-1.2724778652191162,-0.5523688793182373,0.30358266830444336,-1.2671561241149902,0.5658775568008423,0.2526845932006836,-1.2257671356201172,-0.5616061687469482,0.2531775236129761,-1.2259173393249512,-0.15304984152317047,-0.007785998284816742,9.821142196655273,0.5428858995437622,0.30719536542892456,-1.258284091949463,-0.5494193434715271,0.30584916472435,-1.2536662817001343,0.5514557361602783,0.2532065510749817,-1.1966699361801147,-0.5484362840652466,0.2570726275444031,-1.186389684677124
0.5487219095230103,0.3029705286026001,-1.2724697589874268,-0.5524132251739502,0.3035922050476074,-1.2671332359313965,0.5659010410308838,0.25264859199523926,-1.2257411479949951,-0.5616278648376465,0.2531464099884033,-1.2258846759796143,-0.12570920586585999,-0.0069183725863695145,9.828328132629395,0.5424507856369019,0.3072192668914795,-1.2585206031799316,-0.5496670603752136,0.30578410625457764,-1.2531815767288208,0.5516282320022583,0.2535640001296997,-1.1966601610183716,-0.5488797426223755,0.25687193870544434,-1.1860320568084717
0.5487295389175415,0.30297303199768066,-1.2724711894989014,-0.5524500608444214,0.30360448360443115,-1.267110824584961,0.5659312009811401,0.25260770320892334,-1.2257046699523926,-0.5616439580917358,0.2531135678291321,-1.225858211517334,-0.12321324646472931,0.000827765092253685,9.851814270019531,0.5426092147827148,0.30724120140075684,-1.2587194442749023,-0.549485981464386,0.30578991770744324,-1.2533296346664429,0.5516060590744019,0.25354480743408203,-1.1965328454971313,-0.548888087272644,0.25686949491500854,-1.1860536336898804
0.548753023147583,0.30297648906707764,-1.2724666595458984,-0.5524773597717285,0.3036156892776489,-1.2670819759368896,0.5659452676773071,0.2525927424430847,-1.2256944179534912,-0.5616508722305298,0.2530820369720459,-1.2258310317993164,-0.10736124217510223,0.005577903240919113,9.862849235534668,0.5427037477493286,0.30721843242645264,-1.2584054470062256,-0.5494725704193115,0.3057166635990143,-1.2534009218215942,0.5514425039291382,0.2535015344619751,-1.1967811584472656,-0.5487193465232849,0.2571277916431427,-1.1862289905548096
0.5487809181213379,0.3029824495315552,-1.2724628448486328,-0.5525002479553223,0.303625226020813,-1.267052173614502,0.5659675598144531,0.25256937742233276,-1.2256758213043213,-0.561648964881897,0.25304436683654785,-1.225806474685669,-0.14181582629680634,-0.016928164288401604,9.810426712036133,0.5426640510559082,0.30724674463272095,-1.2584271430969238,-0.5494735240936279,0.3056495487689972,-1.2534544467926025,0.5513982772827148,0.2534604072570801,-1.1968914270401,-0.5485311150550842,0.2572150230407715,-1.1863486766815186
0.5487791299819946,0.30298542976379395,-1.2724573612213135,-0.5525379180908203,0.3036332130432129,-1.267028570175171,0.565985918045044,0.25255459547042847,-1.2256643772125244,-0.5616847276687622,0.2530164122581482,-1.2257742881774902,-0.1080954372882843,-0.000819820910692215,9.842416763305664,0.542488694190979,0.30720055103302,-1.2586402893066406,-0.5494778156280518,0.3056279718875885,-1.2532202005386353,0.5516142845153809,0.2535644471645355,-1.1966075897216797,-0.5490657687187195,0.2569032311439514,-1.1859005689620972
0.5488049983978271,0.3029903173446655,-1.2724521160125732,-0.5525679588317871,0.30364251136779785,-1.267007827758789,0.5660022497177124,0.25252360105514526,-1.2256369590759277,-0.5616898536682129,0.2529844045639038,-1.2257475852966309,-0.11800377815961838,0.022559555247426033,9.855856895446777,0.5427190065383911,0.3072274923324585,-1.2585158348083496,-0.5493155717849731,0.30561673641204834,-1.2535806894302368,0.5515103340148926,0.2534274458885193,-1.1966863870620728,-0.5487778782844543,0.257144033908844,-1.1861670017242432
0.5488325357437134,0.30299532413482666,-1.2724456787109375,-0.5525909662246704,0.3036491870880127,-1.266981601715088,0.566025972366333,0.2524975538253784,-1.225616216659546,-0.5616894960403442,0.2529521584510803,-1.2257201671600342,-0.1152912974357605,0.00901784934103489,9.834752082824707,0.542625904083252,0.30724090337753296,-1.2582786083221436,-0.5493291616439819,0.3054611086845398,-1.2535713911056519,0.5515339374542236,0.2533290386199951,-1.1968591213226318,-0.5486024618148804,0.2573699653148651,-1.1863926649093628
0.5488436222076416,0.30299854278564453,-1.272446632385254,-0.5526093244552612,0.3036539554595947,-1.266951560974121,0.5660494565963745,0.25248289108276367,-1.2256090641021729,-0.561701774597168,0.2529186010360718,-1.2256996631622314,-0.11602869629859924,-0.023319769650697708,9.834107398986816,0.5425324440002441,0.3072499632835388,-1.2585649490356445,-0.5493379235267639,0.3054424524307251,-1.2534786462783813,0.5516347885131836,0.25341933965682983,-1.196738362312317,-0.5487633347511292,0.2572323679924011,-1.1862118244171143
0.5488470792770386,0.3030039072036743,-1.2724416255950928,-0.5526491403579712,0.3036614656448364,-1.266935110092163,0.5660626888275146,0.2524546980857849,-1.2255828380584717,-0.5617222785949707,0.2528887987136841,-1.2256669998168945,-0.10269258171319962,0.01705147884786129,9.856772422790527,0.5426170825958252,0.3072218894958496,-1.2586811780929565,-0.5493838787078857,0.30551519989967346,-1.2533155679702759,0.5514713525772095,0.2536203861236572,-1.196731686592102,-0.5489300489425659,0.25719577074050903,-1.1860427856445312
0.5488814115524292,0.3030064105987549,-1.2724359035491943,-0.5526653528213501,0.3036690950393677,-1.2669103145599365,0.5660734176635742,0.252444863319397,-1.2255759239196777,-0.5617228746414185,0.25285834074020386,-1.225640058517456,-0.10572601854801178,0.004549207165837288,9.855023384094238,0.5427263975143433,0.30720460414886475,-1.2582569122314453,-0.5491890907287598,0.3053908050060272,-1.253679871559143,0.5514456033706665,0.25325608253479004,-1.1968684196472168,-0.5486485958099365,0.2574447691440582,-1.186357855796814
0.5488919019699097,0.303009033203125,-1.2724323272705078,-0.5526940822601318,0.30367517471313477,-1.2668910026550293,0.5660945177078247,0.2524150013923645,-1.2255513668060303,-0.5617172718048096,0.25284725427627563,-1.2256274223327637,-0.0972585529088974,-0.012718789279460907,9.827127456665039,0.542587399482727,0.3072579503059387,-1.258479356765747,-0.5493023991584778,0.3053620755672455,-1.2535661458969116,0.55147385597229,0.25341877341270447,-1.1969157457351685,-0.5486186146736145,0.2574479281902313,-1.1863409280776978
0.5488936901092529,0.30301129817962646,-1.2724237442016602,-0.5527282953262329,0.30367863178253174,-1.2668733596801758,0.5661070346832275,0.2524070739746094,-1.2255423069000244,-0.5617343187332153,0.2528497576713562,-1.2256312370300293,-0.09035490453243256,0.01761956326663494,9.836934089660645,0.5426316261291504,0.3071439266204834,-1.2586184740066528,-0.5492745637893677,0.3053380250930786,-1.2533917427062988,0.5514845848083496,0.2535080909729004,-1.1967767477035522,-0.5488746762275696,0.25729337334632874,-1.1860976219177246
0.548909068107605,0.30301177501678467,-1.2724134922027588,-0.5527598857879639,0.3036850690841675,-1.2668590545654297,0.5661249160766602,0.2523755431175232,-1.225513219833374,-0.5617272853851318,0.25284838676452637,-1.2256319522857666,-0.11848744750022888,-0.004450896754860878,9.81295394897461,0.5427188873291016,0.30714887380599976,-1.2582731246948242,-0.5490891337394714,0.3052845001220703,-1.2537875175476074,0.5515484809875488,0.25321829319000244,-1.1968121528625488,-0.5487410426139832,0.25742635130882263,-1.1862459182739258
